Name des Datensatzes:	BLOCK 1
Wiederholrate [ns]:	19.604
Zeit Shift [ns] (fest):	0.000
Offset (fest):	3.211

Komponente 1
tau [ns]:	5.442096
A:	1.243711
%:	100.000000
f:	1.000000

t_irf	irf	t	daten	fit	res
[ns]	counts (offset korrigiert)	[ns]			counts 
1.391602	1.345679	1.660156	477.000000	398.315694	3.602707
1.416016	-1.654321	1.684570	437.000000	398.310419	1.850774
1.440430	0.345679	1.708984	423.000000	399.137747	1.160222
1.464844	6.345679	1.733398	431.000000	396.405251	1.666370
1.489258	1.345679	1.757812	419.000000	397.664460	1.042309
1.513672	1.345679	1.782227	414.000000	400.173965	0.679513
1.538086	0.345679	1.806641	447.000000	397.648507	2.334246
1.562500	3.345679	1.831055	421.000000	402.458273	0.903668
1.586914	0.345679	1.855469	417.000000	402.434455	0.713278
1.611328	1.345679	1.879883	444.000000	396.963661	2.232246
1.635742	-0.654321	1.904297	427.000000	393.817544	1.605812
1.660156	-1.654321	1.928711	434.000000	393.832403	1.928106
1.684570	1.345679	1.953125	439.000000	390.911978	2.295116
1.708984	2.345679	1.977539	408.000000	388.216301	0.979439
1.733398	-0.654321	2.001953	425.000000	386.167720	1.883642
1.757812	2.345679	2.026367	450.000000	382.025670	3.204341
1.782227	3.345679	2.050781	462.000000	384.605176	3.600733
1.806641	-0.654321	2.075195	467.000000	385.493851	3.771655
1.831055	5.345679	2.099609	436.000000	388.057833	2.296013
1.855469	1.345679	2.124023	407.000000	385.586608	1.061422
1.879883	-2.654321	2.148437	415.000000	381.447159	1.647044
1.904297	-0.654321	2.172852	439.000000	376.493659	2.983265
1.928711	1.345679	2.197266	441.000000	373.862520	3.197023
1.953125	-0.654321	2.221680	380.000000	381.713972	-0.087925
1.977539	-0.654321	2.246094	414.000000	380.103723	1.665911
2.001953	-0.654321	2.270508	404.000000	379.968290	1.195622
2.026367	-1.654321	2.294922	402.000000	377.956628	1.199174
2.050781	3.345679	2.319336	456.000000	376.165646	3.738586
2.075195	2.345679	2.343750	401.000000	376.894546	1.203769
2.099609	3.345679	2.368164	394.000000	374.261613	0.994406
2.124023	-0.654321	2.392578	368.000000	372.896397	-0.255242
2.148437	-1.654321	2.416992	414.000000	371.128066	2.107041
2.172852	-2.654321	2.441406	405.000000	367.476687	1.864548
2.197266	-0.654321	2.465820	402.000000	368.865384	1.652604
2.221680	7.345679	2.490234	389.000000	371.715473	0.876360
2.246094	0.345679	2.514648	381.000000	380.620792	0.019427
2.270508	1.345679	2.539062	437.000000	385.930128	2.443003
2.294922	-0.654321	2.563477	406.000000	397.707038	0.411573
2.319336	-0.654321	2.587891	406.000000	409.840461	-0.190599
2.343750	1.345679	2.612305	443.000000	420.042737	1.090732
2.368164	-0.654321	2.636719	465.000000	434.799725	1.400504
2.392578	0.345679	2.661133	438.000000	464.773526	-1.279289
2.416992	-0.654321	2.685547	515.000000	486.033310	1.276425
2.441406	-1.654321	2.709961	551.000000	553.667439	-0.113637
2.465820	2.345679	2.734375	633.000000	679.180959	-1.835528
2.490234	3.345679	2.758789	855.000000	912.777901	-1.975963
2.514648	8.345679	2.783203	1158.000000	1187.819272	-0.876280
2.539062	5.345679	2.807617	1492.000000	1582.410736	-2.340645
2.563477	10.345679	2.832031	2119.000000	2090.781769	0.613005
2.587891	11.345679	2.856445	2593.000000	2655.482761	-1.227041
2.612305	9.345679	2.880859	3296.000000	3283.811294	0.212307
2.636719	13.345679	2.905273	4240.000000	3927.531325	4.798700
2.661133	25.345679	2.929687	4919.000000	4561.046079	5.103742
2.685547	18.345679	2.954102	5643.000000	5116.157523	7.013354
2.709961	55.345679	2.978516	6216.000000	5644.498159	7.248733
2.734375	102.345679	3.002930	6703.000000	6118.359747	7.140919
2.758789	188.345679	3.027344	7165.000000	6595.956593	6.722600
2.783203	222.345679	3.051758	7566.000000	6958.805083	6.980635
2.807617	318.345679	3.076172	8040.000000	7287.375178	8.393643
2.832031	410.345679	3.100586	8146.000000	7544.142334	6.668399
2.856445	457.345679	3.125000	8278.000000	7739.263731	5.921251
2.880859	509.345679	3.149414	8664.000000	7905.457875	8.149303
2.905273	524.345679	3.173828	8588.000000	8015.858758	6.173867
2.929687	518.345679	3.198242	8656.000000	8089.131754	6.092892
2.954102	458.345679	3.222656	8787.000000	8165.223666	6.633059
2.978516	439.345679	3.247070	8755.000000	8200.573463	5.925376
3.002930	397.345679	3.271484	8830.000000	8229.485367	6.390624
3.027344	402.345679	3.295898	8938.000000	8244.240924	7.338182
3.051758	312.345679	3.320312	8776.000000	8264.800869	5.456847
3.076172	286.345679	3.344727	8706.000000	8274.374620	4.625915
3.100586	230.345679	3.369141	8860.000000	8272.404573	6.242543
3.125000	182.345679	3.393555	8782.000000	8273.364437	5.427627
3.149414	160.345679	3.417969	8749.000000	8277.043545	5.045715
3.173828	116.345679	3.442383	8621.000000	8258.931979	3.899522
3.198242	87.345679	3.466797	8706.000000	8254.716741	4.836597
3.222656	89.345679	3.491211	8812.000000	8258.267642	5.898786
3.247070	57.345679	3.515625	8760.000000	8250.499256	5.443682
3.271484	52.345679	3.540039	8678.000000	8237.121007	4.732707
3.295898	41.345679	3.564453	8553.000000	8229.870628	3.493954
3.320312	45.345679	3.588867	8715.000000	8213.240271	5.374798
3.344727	37.345679	3.613281	8666.000000	8199.182092	5.014622
3.369141	27.345679	3.637695	8295.000000	8190.210570	1.150560
3.393555	30.345679	3.662109	8374.000000	8170.399164	2.224913
3.417969	32.345679	3.686523	8339.000000	8147.741219	2.094423
3.442383	15.345679	3.710937	8489.000000	8132.311061	3.871341
3.466797	26.345679	3.735352	8287.000000	8111.291210	1.930167
3.491211	32.345679	3.759766	8295.000000	8088.897838	2.262947
3.515625	23.345679	3.784180	8366.000000	8074.987002	3.181658
3.540039	18.345679	3.808594	8362.000000	8049.835038	3.413729
3.564453	23.345679	3.833008	8224.000000	8039.443496	2.035110
3.588867	15.345679	3.857422	8145.000000	8015.494885	1.434965
3.613281	18.345679	3.881836	8312.000000	7997.933134	3.444842
3.637695	22.345679	3.906250	8118.000000	7971.235110	1.628912
3.662109	13.345679	3.930664	7835.000000	7947.591807	-1.272001
3.686523	11.345679	3.955078	7947.000000	7930.122320	0.189326
3.710937	16.345679	3.979492	8067.000000	7901.850988	1.838738
3.735352	12.345679	4.003906	7926.000000	7880.818445	0.507498
3.759766	11.345679	4.028320	8073.000000	7864.282871	2.322954
3.784180	17.345679	4.052734	8022.000000	7855.145233	1.862933
3.808594	8.345679	4.077148	7998.000000	7837.256967	1.797386
3.833008	20.345679	4.101562	7941.000000	7817.346132	1.387619
3.857422	9.345679	4.125977	7802.000000	7803.183180	-0.013395
3.881836	14.345679	4.150391	7911.000000	7782.803960	1.441315
3.906250	7.345679	4.174805	7728.000000	7762.304283	-0.390225
3.930664	9.345679	4.199219	7850.000000	7740.005403	1.241471
3.955078	14.345679	4.223633	7661.000000	7717.608784	-0.646757
3.979492	5.345679	4.248047	7899.000000	7690.697912	2.343730
4.003906	11.345679	4.272461	7802.000000	7666.631037	1.532555
4.028320	14.345679	4.296875	7615.000000	7640.583375	-0.293172
4.052734	20.345679	4.321289	7719.000000	7618.420103	1.144803
4.077148	13.345679	4.345703	7581.000000	7596.144360	-0.173935
4.101562	12.345679	4.370117	7660.000000	7573.135745	0.992491
4.125977	16.345679	4.394531	7644.000000	7547.294902	1.106086
4.150391	11.345679	4.418945	7485.000000	7520.313792	-0.408177
4.174805	11.345679	4.443359	7542.000000	7493.241776	0.561442
4.199219	10.345679	4.467773	7535.000000	7467.970222	0.772194
4.223633	9.345679	4.492187	7360.000000	7441.767530	-0.953108
4.248047	6.345679	4.516602	7439.000000	7426.985518	0.139299
4.272461	8.345679	4.541016	7229.000000	7398.863640	-1.997843
4.296875	6.345679	4.565430	7490.000000	7377.570654	1.299089
4.321289	9.345679	4.589844	7355.000000	7350.020142	0.058066
4.345703	9.345679	4.614258	7284.000000	7320.081085	-0.422761
4.370117	8.345679	4.638672	7280.000000	7295.299768	-0.179316
4.394531	6.345679	4.663086	7071.000000	7265.605644	-2.314275
4.418945	5.345679	4.687500	7162.000000	7242.324097	-0.949137
4.443359	5.345679	4.711914	7145.000000	7219.146761	-0.877185
4.467773	6.345679	4.736328	7012.000000	7197.329102	-2.213210
4.492187	5.345679	4.760742	7047.000000	7173.097235	-1.502116
4.516602	14.345679	4.785156	7197.000000	7146.461968	0.595721
4.541016	4.345679	4.809570	6931.000000	7123.713720	-2.314806
4.565430	9.345679	4.833984	7048.000000	7098.555431	-0.602192
4.589844	4.345679	4.858398	6995.000000	7074.765686	-0.953723
4.614258	2.345679	4.882812	6921.000000	7047.314628	-1.518341
4.638672	6.345679	4.907227	6824.000000	7027.522039	-2.463723
4.663086	2.345679	4.931641	6898.000000	7001.538381	-1.246636
4.687500	7.345679	4.956055	6799.000000	6974.415096	-2.127377
4.711914	7.345679	4.980469	6777.000000	6947.413218	-2.070068
4.736328	8.345679	5.004883	6851.000000	6918.020338	-0.809710
4.760742	6.345679	5.029297	6673.000000	6888.759023	-2.641243
4.785156	4.345679	5.053711	6693.000000	6863.396482	-2.082813
4.809570	7.345679	5.078125	6726.000000	6840.659333	-1.398077
4.833984	5.345679	5.102539	6589.000000	6807.976496	-2.697663
4.858398	6.345679	5.126953	6666.000000	6791.767074	-1.540403
4.882812	3.345679	5.151367	6557.000000	6768.094613	-2.606901
4.907227	9.345679	5.175781	6559.000000	6742.016246	-2.259804
4.931641	4.345679	5.200195	6540.000000	6712.286811	-2.130410
4.956055	3.345679	5.224609	6393.000000	6688.970111	-3.701651
4.980469	3.345679	5.249023	6442.000000	6659.478116	-2.709600
5.004883	1.345679	5.273437	6440.000000	6633.885928	-2.416036
5.029297	1.345679	5.297852	6384.000000	6607.152360	-2.792898
5.053711	4.345679	5.322266	6335.000000	6581.794387	-3.100716
5.078125	6.345679	5.346680	6374.000000	6559.061785	-2.317986
5.102539	-1.654321	5.371094	6463.000000	6536.430936	-0.913402
5.126953	11.345679	5.395508	6228.000000	6510.133587	-3.575037
5.151367	5.345679	5.419922	6170.000000	6487.721746	-4.044868
5.175781	3.345679	5.444336	6284.000000	6459.130559	-2.209245
5.200195	0.345679	5.468750	6307.000000	6434.435147	-1.604641
5.224609	5.345679	5.493164	6203.000000	6408.594342	-2.610419
5.249023	0.345679	5.517578	6172.000000	6379.101405	-2.636150
5.273437	3.345679	5.541992	6267.000000	6354.764212	-1.108633
5.297852	2.345679	5.566406	6040.000000	6333.047820	-3.770683
5.322266	3.345679	5.590820	5994.000000	6307.660834	-4.051370
5.346680	5.345679	5.615234	5971.000000	6278.619686	-3.980985
5.371094	5.345679	5.639648	6184.000000	6252.220394	-0.867520
5.395508	2.345679	5.664062	6040.000000	6225.939268	-2.392504
5.419922	5.345679	5.688477	5860.000000	6204.799510	-4.504202
5.444336	0.345679	5.712891	5853.000000	6179.986577	-4.274060
5.468750	3.345679	5.737305	5863.000000	6156.540643	-3.833613
5.493164	2.345679	5.761719	5845.000000	6138.223385	-3.835362
5.517578	-0.654321	5.786133	5976.000000	6109.940656	-1.732635
5.541992	3.345679	5.810547	5852.000000	6084.296389	-3.036619
5.566406	5.345679	5.834961	5989.000000	6062.534706	-0.950200
5.590820	2.345679	5.859375	5751.000000	6038.358565	-3.789243
5.615234	-0.654321	5.883789	5793.000000	6013.034707	-2.890942
5.639648	1.345679	5.908203	5624.000000	5987.824201	-4.851421
5.664062	1.345679	5.932617	5807.000000	5966.494337	-2.093001
5.688477	5.345679	5.957031	5615.000000	5941.492150	-4.357103
5.712891	2.345679	5.981445	5629.000000	5916.601876	-3.833329
5.737305	3.345679	6.005859	5726.000000	5894.334878	-2.224582
5.761719	7.345679	6.030273	5750.000000	5865.887887	-1.528284
5.786133	-0.654321	6.054687	5708.000000	5843.847890	-1.798088
5.810547	1.345679	6.079102	5522.000000	5816.882816	-3.968270
5.834961	4.345679	6.103516	5558.000000	5797.574037	-3.213516
5.859375	2.345679	6.127930	5408.000000	5780.863550	-5.070276
5.883789	1.345679	6.152344	5477.000000	5759.204131	-3.813221
5.908203	1.345679	6.176758	5457.000000	5735.129797	-3.765048
5.932617	4.345679	6.201172	5448.000000	5708.651356	-3.531355
5.957031	1.345679	6.225586	5438.000000	5682.291436	-3.312750
5.981445	1.345679	6.250000	5408.000000	5657.305438	-3.390107
6.005859	3.345679	6.274414	5331.000000	5636.199078	-4.180025
6.030273	-1.654321	6.298828	5587.000000	5613.931259	-0.360303
6.054687	3.345679	6.323242	5419.000000	5591.763114	-2.346883
6.079102	-0.654321	6.347656	5254.000000	5567.182330	-4.320681
6.103516	5.345679	6.372070	5255.000000	5541.455639	-3.951582
6.127930	7.345679	6.396484	5205.000000	5517.100037	-4.325969
6.152344	3.345679	6.420898	5375.000000	5491.597520	-1.590377
6.176758	1.345679	6.445312	5308.000000	5471.232885	-2.240486
6.201172	-0.654321	6.469727	5098.000000	5448.447540	-4.908210
6.225586	-0.654321	6.494141	5254.000000	5429.531982	-2.421649
6.250000	0.345679	6.518555	5291.000000	5405.677361	-1.576554
6.274414	3.345679	6.542969	5181.000000	5379.417651	-2.756598
6.298828	2.345679	6.567383	5261.000000	5355.787347	-1.306821
6.323242	2.345679	6.591797	5176.000000	5333.518748	-2.189450
6.347656	0.345679	6.616211	5115.000000	5311.349825	-2.745413
6.372070	-0.654321	6.640625	5200.000000	5288.024199	-1.220676
6.396484	0.345679	6.665039	5106.000000	5264.802982	-2.222380
6.420898	-0.654321	6.689453	5141.000000	5242.941638	-1.421765
6.445312	3.345679	6.713867	5037.000000	5218.666282	-2.559696
6.469727	1.345679	6.738281	5110.000000	5194.499586	-1.182073
6.494141	4.345679	6.762695	4930.000000	5171.696994	-3.442293
6.518555	0.345679	6.787109	4988.000000	5151.508335	-2.315137
6.542969	-1.654321	6.811523	4979.000000	5128.898176	-2.124346
6.567383	0.345679	6.835937	5069.000000	5105.133291	-0.507512
6.591797	1.345679	6.860352	4938.000000	5087.754442	-2.131102
6.616211	1.345679	6.884766	4908.000000	5062.917788	-2.211307
6.640625	0.345679	6.909180	4889.000000	5039.448237	-2.151677
6.665039	0.345679	6.933594	4880.000000	5017.339672	-1.966012
6.689453	1.345679	6.958008	4803.000000	4996.585999	-2.793300
6.713867	-0.654321	6.982422	4999.000000	4970.901491	0.397413
6.738281	-0.654321	7.006836	4729.000000	4950.355680	-3.218889
6.762695	0.345679	7.031250	4878.000000	4927.389969	-0.707160
6.787109	2.345679	7.055664	4824.000000	4909.550786	-1.231744
6.811523	0.345679	7.080078	4790.000000	4891.791452	-1.470766
6.835937	-0.654321	7.104492	4869.000000	4869.087881	-0.001259
6.860352	4.345679	7.128906	4650.000000	4848.997798	-2.918245
6.884766	-1.654321	7.153320	4708.000000	4826.485775	-1.726824
6.909180	-0.654321	7.177734	4664.000000	4804.074519	-2.051067
6.933594	0.345679	7.202148	4658.000000	4783.019510	-1.831800
6.958008	1.345679	7.226562	4668.000000	4768.338409	-1.468594
6.982422	-2.654321	7.250977	4764.000000	4748.699291	0.221680
7.006836	1.345679	7.275391	4696.000000	4725.380282	-0.428738
7.031250	-0.654321	7.299805	4569.000000	4705.933450	-2.025811
7.055664	3.345679	7.324219	4617.000000	4684.061798	-0.986950
7.080078	3.345679	7.348633	4650.000000	4663.543978	-0.198619
7.104492	-0.654321	7.373047	4502.000000	4641.862066	-2.084477
7.128906	1.345679	7.397461	4431.000000	4620.277204	-2.843462
7.153320	-0.654321	7.421875	4553.000000	4601.300824	-0.715823
7.177734	-0.654321	7.446289	4531.000000	4586.177181	-0.819714
7.202148	0.345679	7.470703	4480.000000	4568.609368	-1.323856
7.226562	5.345679	7.495117	4343.000000	4549.864258	-3.138994
7.250977	1.345679	7.519531	4481.000000	4531.203054	-0.749968
7.275391	-1.654321	7.543945	4444.000000	4512.625378	-1.029432
7.299805	1.345679	7.568359	4443.000000	4495.386791	-0.785930
7.324219	-0.654321	7.592773	4492.000000	4478.225365	0.205523
7.348633	0.345679	7.617187	4378.000000	4456.117025	-1.180614
7.373047	-0.654321	7.641602	4354.000000	4435.363578	-1.233065
7.397461	-0.654321	7.666016	4288.000000	4415.958957	-1.954084
7.421875	1.345679	7.690430	4496.000000	4394.129328	1.519274
7.446289	4.345679	7.714844	4345.000000	4374.909276	-0.453744
7.470703	2.345679	7.739258	4277.000000	4359.543053	-1.262150
7.495117	1.345679	7.763672	4294.000000	4339.221880	-0.690109
7.519531	1.345679	7.788086	4347.000000	4321.503532	0.386710
7.543945	1.345679	7.812500	4286.000000	4301.352628	-0.234507
7.568359	2.345679	7.836914	4311.000000	4283.803786	0.414209
7.592773	2.345679	7.861328	4231.000000	4263.821630	-0.504590
7.617187	-1.654321	7.885742	4228.000000	4246.440781	-0.283604
7.641602	-0.654321	7.910156	4196.000000	4225.369933	-0.453404
7.666016	0.345679	7.934570	4104.000000	4209.417131	-1.645536
7.690430	-1.654321	7.958984	4078.000000	4192.279802	-1.789558
7.714844	0.345679	7.983398	4145.000000	4173.963250	-0.449868
7.739258	3.345679	8.007812	4177.000000	4156.984616	0.309693
7.763672	-0.654321	8.032227	3985.000000	4140.081981	-2.456672
7.788086	1.345679	8.056641	4052.000000	4121.999071	-1.099658
7.812500	-0.654321	8.081055	3929.000000	4106.508967	-2.831909
7.836914	1.345679	8.105469	4029.000000	4088.576333	-0.938588
7.861328	-0.654321	8.129883	4008.000000	4071.979901	-1.010601
7.885742	1.345679	8.154297	4011.000000	4054.201823	-0.682143
7.910156	-1.654321	8.178711	3957.000000	4039.015186	-1.303801
7.934570	2.345679	8.203125	3969.000000	4022.640594	-0.851438
7.958984	1.345679	8.227539	3981.000000	4001.315566	-0.321983
7.983398	0.345679	8.251953	3862.000000	3986.365654	-2.001218
8.007812	1.345679	8.276367	3833.000000	3968.970794	-2.196222
8.032227	1.345679	8.300781	3984.000000	3952.909728	0.492566
8.056641	0.345679	8.325195	3777.000000	3936.920553	-2.602141
8.081055	2.345679	8.349609	3863.000000	3917.235149	-0.872607
8.105469	0.345679	8.374023	3875.000000	3902.661590	-0.444366
8.129883	1.345679	8.398437	3743.000000	3886.897330	-2.352030
8.154297	0.345679	8.422852	3747.000000	3872.459566	-2.049566
8.178711	2.345679	8.447266	3842.000000	3856.830494	-0.239264
8.203125	1.345679	8.471680	3776.000000	3842.527312	-1.082640
8.227539	-2.654321	8.496094	3768.000000	3825.776288	-0.941227
8.251953	2.345679	8.520508	3636.000000	3810.356175	-2.891515
8.276367	0.345679	8.544922	3805.000000	3798.772882	0.100951
8.300781	1.345679	8.569336	3674.000000	3783.473639	-1.806092
8.325195	1.345679	8.593750	3658.000000	3766.986945	-1.801991
8.349609	-1.654321	8.618164	3742.000000	3754.341844	-0.201757
8.374023	2.345679	8.642578	3663.000000	3734.217749	-1.176711
8.398437	1.345679	8.666992	3630.000000	3719.207462	-1.480635
8.422852	2.345679	8.691406	3648.000000	3703.008429	-0.910756
8.447266	1.345679	8.715820	3676.000000	3693.161568	-0.283054
8.471680	2.345679	8.740234	3747.000000	3679.590985	1.101225
8.496094	0.345679	8.764648	3571.000000	3662.313348	-1.528056
8.520508	1.345679	8.789062	3681.000000	3646.368979	0.570798
8.544922	4.345679	8.813477	3543.000000	3633.007845	-1.512150
8.569336	1.345679	8.837891	3530.000000	3619.706516	-1.509860
8.593750	0.345679	8.862305	3600.000000	3602.696927	-0.044949
8.618164	3.345679	8.886719	3594.000000	3588.275341	0.095491
8.642578	-2.654321	8.911133	3500.000000	3572.662374	-1.228218
8.666992	1.345679	8.935547	3620.000000	3560.887090	0.982490
8.691406	0.345679	8.959961	3405.000000	3545.396716	-2.406015
8.715820	5.345679	8.984375	3450.000000	3529.975679	-1.361596
8.740234	2.345679	9.008789	3364.000000	3515.879600	-2.618614
8.764648	-0.654321	9.033203	3401.000000	3503.102549	-1.750787
8.789062	0.345679	9.057617	3458.000000	3486.614892	-0.486608
8.813477	2.345679	9.082031	3392.000000	3473.968833	-1.407411
8.837891	2.345679	9.106445	3394.000000	3457.611581	-1.091893
8.862305	-0.654321	9.130859	3496.000000	3447.607209	0.818455
8.886719	1.345679	9.155273	3341.000000	3433.879820	-1.606879
8.911133	0.345679	9.179687	3347.000000	3421.469809	-1.287219
8.935547	3.345679	9.204102	3222.000000	3406.603481	-3.252199
8.959961	0.345679	9.228516	3337.000000	3393.059628	-0.970448
8.984375	0.345679	9.252930	3339.000000	3377.064535	-0.658737
9.008789	1.345679	9.277344	3387.000000	3363.652902	0.401167
9.033203	2.345679	9.301758	3208.000000	3346.533503	-2.445894
9.057617	-0.654321	9.326172	3245.000000	3329.490732	-1.483207
9.082031	2.345679	9.350586	3224.000000	3315.036112	-1.603305
9.106445	-0.654321	9.375000	3237.000000	3304.413990	-1.184892
9.130859	4.345679	9.399414	3215.000000	3290.071616	-1.323992
9.155273	1.345679	9.423828	3165.000000	3277.049372	-1.991694
9.179687	2.345679	9.448242	3315.000000	3262.829485	0.906115
9.204102	0.345679	9.472656	3236.000000	3246.161382	-0.178628
9.228516	1.345679	9.497070	3237.000000	3233.335685	0.064405
9.252930	-0.654321	9.521484	3199.000000	3218.055532	-0.336910
9.277344	1.345679	9.545898	3175.000000	3202.843775	-0.494147
9.301758	-1.654321	9.570312	3186.000000	3186.444174	-0.007869
9.326172	-1.654321	9.594727	3228.000000	3175.141710	0.930350
9.350586	0.345679	9.619141	3112.000000	3161.377972	-0.885143
9.375000	3.345679	9.643555	3167.000000	3146.419909	0.365699
9.399414	0.345679	9.667969	3142.000000	3135.296598	0.119589
9.423828	1.345679	9.692383	3203.000000	3124.223076	1.391940
9.448242	0.345679	9.716797	3028.000000	3111.943187	-1.525484
9.472656	-1.654321	9.741211	3044.000000	3102.230130	-1.055420
9.497070	1.345679	9.765625	3158.000000	3090.048684	1.209182
9.521484	-0.654321	9.790039	2992.000000	3076.665831	-1.547845
9.545898	-0.654321	9.814453	3043.000000	3059.575083	-0.300473
9.570312	-1.654321	9.838867	3068.000000	3047.584566	0.368579
9.594727	2.345679	9.863281	2964.000000	3033.135854	-1.269885
9.619141	0.345679	9.887695	3103.000000	3018.751816	1.512410
9.643555	-0.654321	9.912109	3030.000000	3004.432162	0.464486
9.667969	2.345679	9.936523	3082.000000	2996.456268	1.540891
9.692383	2.345679	9.960937	2977.000000	2988.516075	-0.211064
9.716797	1.345679	9.985352	2955.000000	2978.099557	-0.424937
9.741211	3.345679	10.009766	2936.000000	2966.473732	-0.562403
9.765625	1.345679	10.034180	2934.000000	2953.644014	-0.362660
9.790039	0.345679	10.058594	2885.000000	2942.127654	-1.063588
9.814453	-2.654321	10.083008	2881.000000	2930.662844	-0.925252
9.838867	1.345679	10.107422	2862.000000	2921.761216	-1.117081
9.863281	-0.654321	10.131836	2948.000000	2910.387567	0.692736
9.887695	-0.654321	10.156250	2890.000000	2897.808896	-0.145258
9.912109	-0.654321	10.180664	2883.000000	2884.030595	-0.019194
9.936523	4.345679	10.205078	2845.000000	2869.058035	-0.451044
9.960937	4.345679	10.229492	2773.000000	2860.432157	-1.660337
9.985352	2.345679	10.253906	2823.000000	2849.333024	-0.495616
10.009766	1.345679	10.278320	2861.000000	2838.283571	0.424699
10.034180	0.345679	10.302734	2768.000000	2823.515780	-1.055197
10.058594	1.345679	10.327148	2900.000000	2810.070023	1.669958
10.083008	1.345679	10.351562	2800.000000	2796.684450	0.062658
10.107422	3.345679	10.375977	2837.000000	2785.870658	0.959932
10.131836	1.345679	10.400391	2777.000000	2771.337472	0.107454
10.156250	0.345679	10.424805	2827.000000	2764.404933	1.177273
10.180664	-0.654321	10.449219	2801.000000	2751.223763	0.940515
10.205078	-1.654321	10.473633	2703.000000	2738.101592	-0.675155
10.229492	3.345679	10.498047	2721.000000	2728.805956	-0.149645
10.253906	1.345679	10.522461	2678.000000	2718.295995	-0.778676
10.278320	1.345679	10.546875	2683.000000	2709.089010	-0.503671
10.302734	-1.654321	10.571289	2714.000000	2698.667304	0.294316
10.327148	-0.654321	10.595703	2667.000000	2687.036315	-0.387977
10.351562	-0.654321	10.620117	2609.000000	2679.225184	-1.374852
10.375977	1.345679	10.644531	2636.000000	2670.193085	-0.665987
10.400391	-1.654321	10.668945	2619.000000	2661.201414	-0.824630
10.424805	4.345679	10.693359	2709.000000	2649.738125	1.138599
10.449219	-0.654321	10.717773	2700.000000	2640.838012	1.138573
10.473633	-0.654321	10.742187	2646.000000	2630.721805	0.297014
10.498047	2.345679	10.766602	2456.000000	2618.139014	-3.271699
10.522461	1.345679	10.791016	2540.000000	2608.124410	-1.351717
10.546875	2.345679	10.815430	2543.000000	2596.898699	-1.068821
10.571289	1.345679	10.839844	2657.000000	2583.211371	1.431508
10.595703	0.345679	10.864258	2498.000000	2570.841241	-1.457408
10.620117	3.345679	10.888672	2396.000000	2561.038346	-3.371642
10.644531	2.345679	10.913086	2543.000000	2547.511533	-0.089465
10.668945	2.345679	10.937500	2495.000000	2541.580862	-0.932550
10.693359	0.345679	10.961914	2390.000000	2528.141142	-2.825687
10.717773	2.345679	10.986328	2480.000000	2522.297176	-0.849348
10.742187	1.345679	11.010742	2370.000000	2515.223434	-2.983064
10.766602	-0.654321	11.035156	2423.000000	2504.413558	-1.653941
10.791016	1.345679	11.059570	2438.000000	2494.908001	-1.152541
10.815430	0.345679	11.083984	2399.000000	2482.933126	-1.713635
10.839844	-1.654321	11.108398	2383.000000	2473.523717	-1.854387
10.864258	-0.654321	11.132812	2471.000000	2462.900493	0.162938
10.888672	1.345679	11.157227	2404.000000	2451.068887	-0.959990
10.913086	-1.654321	11.181641	2391.000000	2441.802106	-1.038943
10.937500	4.345679	11.206055	2433.000000	2431.320871	0.034042
10.961914	-1.654321	11.230469	2342.000000	2419.630619	-1.604130
10.986328	4.345679	11.254883	2465.000000	2410.504559	1.097619
11.010742	3.345679	11.279297	2342.000000	2398.907482	-1.175915
11.035156	0.345679	11.303711	2257.000000	2386.106383	-2.717577
11.059570	1.345679	11.328125	2316.000000	2373.362583	-1.191954
11.083984	-0.654321	11.352539	2307.000000	2364.443623	-1.195964
11.108398	1.345679	11.376953	2281.000000	2355.564586	-1.561241
11.132812	0.345679	11.401367	2246.000000	2349.237157	-2.178368
11.157227	-0.654321	11.425781	2202.000000	2337.914319	-2.896387
11.181641	1.345679	11.450195	2314.000000	2324.130299	-0.210591
11.206055	0.345679	11.474609	2198.000000	2314.175776	-2.478002
11.230469	-0.654321	11.499023	2303.000000	2301.753944	0.025965
11.254883	1.345679	11.523437	2249.000000	2290.643647	-0.878120
11.279297	-0.654321	11.547852	2187.000000	2280.839013	-2.006592
11.303711	-1.654321	11.572266	2194.000000	2271.078265	-1.645560
11.328125	-1.654321	11.596680	2267.000000	2261.361208	0.118430
11.352539	1.345679	11.621094	2145.000000	2250.431713	-2.276447
11.376953	1.345679	11.645508	2201.000000	2240.807072	-0.848497
11.401367	3.345679	11.669922	2248.000000	2228.713646	0.406773
11.425781	-0.654321	11.694336	2156.000000	2215.418419	-1.279666
11.450195	-2.654321	11.718750	2187.000000	2205.950501	-0.405225
11.474609	0.345679	11.743164	2214.000000	2194.013097	0.424773
11.499023	-1.654321	11.767578	2169.000000	2183.385059	-0.308874
11.523437	-0.654321	11.791992	2115.000000	2176.572391	-1.338847
11.547852	0.345679	11.816406	2137.000000	2164.766486	-0.600646
11.572266	0.345679	11.840820	2126.000000	2155.525291	-0.640343
11.596680	0.345679	11.865234	2149.000000	2143.813596	0.111879
11.621094	-0.654321	11.889648	2146.000000	2134.666188	0.244659
11.645508	0.345679	11.914062	2051.000000	2125.559725	-1.646347
11.669922	-1.654321	11.938477	2076.000000	2113.982159	-0.833616
11.694336	-2.654321	11.962891	2068.000000	2104.968280	-0.812932
11.718750	0.345679	11.987305	2104.000000	2094.738815	0.201903
11.743164	-1.654321	12.011719	2099.000000	2087.067004	0.260461
11.767578	-0.654321	12.036133	2002.000000	2075.661735	-1.646304
11.791992	2.345679	12.060547	2007.000000	2065.563449	-1.307233
11.816406	-1.654321	12.084961	2065.000000	2059.278162	0.125914
11.840820	0.345679	12.109375	1986.000000	2054.276942	-1.532091
11.865234	-1.654321	12.133789	2036.000000	2049.298108	-0.294714
11.889648	0.345679	12.158203	1996.000000	2039.317828	-0.969586
11.914062	0.345679	12.182617	1919.000000	2029.382222	-2.519774
11.938477	-1.654321	12.207031	1949.000000	2024.514819	-1.710513
11.962891	0.345679	12.231445	1978.000000	2015.901405	-0.852201
11.987305	-0.654321	12.255859	1966.000000	2007.326545	-0.932046
12.011719	1.345679	12.280273	2005.000000	2000.046001	0.110637
12.036133	-1.654321	12.304687	1962.000000	1991.542111	-0.666948
12.060547	-0.654321	12.329102	1942.000000	1984.332219	-0.960608
12.084961	2.345679	12.353516	1945.000000	1978.410532	-0.757571
12.109375	3.345679	12.377930	1938.000000	1967.491620	-0.669918
12.133789	3.345679	12.402344	1881.000000	1960.389381	-1.830493
12.158203	-0.654321	12.426758	1913.000000	1950.807066	-0.864401
12.182617	-0.654321	12.451172	1892.000000	1942.523576	-1.161538
12.207031	3.345679	12.475586	1824.000000	1935.533095	-2.611508
12.231445	0.345679	12.500000	1961.000000	1928.573905	0.732244
12.255859	0.345679	12.524414	1821.000000	1916.622135	-2.240802
12.280273	1.345679	12.548828	1819.000000	1908.491660	-2.098293
12.304687	0.345679	12.573242	1928.000000	1899.141645	0.657231
12.329102	1.345679	12.597656	1854.000000	1891.089414	-0.861381
12.353516	2.345679	12.622070	1918.000000	1883.073226	0.797506
12.377930	-1.654321	12.646484	1778.000000	1872.581054	-2.243046
12.402344	1.345679	12.670898	1852.000000	1867.159576	-0.352263
12.426758	-0.654321	12.695312	1769.000000	1857.994568	-2.115922
12.451172	0.345679	12.719727	1903.000000	1850.126515	1.212044
12.475586	1.345679	12.744141	1871.000000	1841.037749	0.692688
12.500000	1.345679	12.768555	1822.000000	1829.477799	-0.175186
12.524414	-2.654321	12.792969	1916.000000	1821.737391	2.153484
12.548828	0.345679	12.817383	1847.000000	1811.519764	0.825568
12.573242	-0.654321	12.841797	1856.000000	1803.859738	1.210275
12.597656	0.345679	12.866211	1806.000000	1796.233999	0.229804
12.622070	0.345679	12.890625	1774.000000	1788.642393	-0.347644
12.646484	-1.654321	12.915039	1849.000000	1779.828836	1.608632
12.670898	2.345679	12.939453	1731.000000	1768.542864	-0.902358
12.695312	-0.654321	12.963867	1758.000000	1758.563341	-0.013436
12.719727	0.345679	12.988281	1754.000000	1747.372556	0.158245
12.744141	-0.654321	13.012695	1734.000000	1739.999659	-0.144079
12.768555	-2.654321	13.037109	1654.000000	1731.403831	-1.903245
12.792969	0.345679	13.061523	1748.000000	1722.846480	0.601628
12.817383	-1.654321	13.085937	1804.000000	1713.071499	2.140828
12.841797	0.345679	13.110352	1777.000000	1708.364002	1.628202
12.866211	0.345679	13.134766	1732.000000	1698.653847	0.801257
12.890625	0.345679	13.159180	1741.000000	1695.266818	1.096054
12.915039	-0.654321	13.183594	1738.000000	1686.871219	1.226424
12.939453	-2.654321	13.208008	1669.000000	1679.769133	-0.263604
12.963867	-1.654321	13.232422	1677.000000	1670.186970	0.166370
12.988281	-2.654321	13.256836	1704.000000	1660.647699	1.050213
13.012695	0.345679	13.281250	1659.000000	1652.407059	0.161866
13.037109	-0.654321	13.305664	1722.000000	1644.203305	1.874755
13.061523	-0.654321	13.330078	1633.000000	1639.804070	-0.168374
13.085937	-1.654321	13.354492	1673.000000	1634.168593	0.949369
13.110352	2.345679	13.378906	1605.000000	1632.326139	-0.682089
13.134766	-1.654321	13.403320	1635.000000	1622.956337	0.297851
13.159180	3.345679	13.427734	1622.000000	1613.628475	0.207864
13.183594	-0.654321	13.452148	1669.000000	1606.854230	1.521190
13.208008	0.345679	13.476562	1541.000000	1597.598443	-1.441794
13.232422	-1.654321	13.500977	1626.000000	1593.407816	0.808264
13.256836	-1.654321	13.525391	1652.000000	1585.468148	1.636909
13.281250	-0.654321	13.549805	1610.000000	1576.308087	0.839678
13.305664	-0.654321	13.574219	1639.000000	1572.212758	1.649696
13.330078	2.345679	13.598633	1554.000000	1568.135759	-0.358586
13.354492	1.345679	13.623047	1537.000000	1561.565145	-0.626588
13.378906	4.345679	13.647461	1597.000000	1556.279874	1.018959
13.403320	-1.654321	13.671875	1554.000000	1551.018260	0.075639
13.427734	-1.654321	13.696289	1598.000000	1543.268333	1.369148
13.452148	0.345679	13.720703	1615.000000	1538.064960	1.914423
13.476562	-1.654321	13.745117	1520.000000	1531.628946	-0.298276
13.500977	2.345679	13.769531	1617.000000	1527.733605	2.219898
13.525391	-0.654321	13.793945	1547.000000	1521.343835	0.652299
13.549805	-1.654321	13.818359	1566.000000	1518.750464	1.193993
13.574219	2.345679	13.842773	1537.000000	1514.912768	0.563384
13.598633	2.345679	13.867187	1541.000000	1511.092250	0.761873
13.623047	0.345679	13.891602	1537.000000	1502.265103	0.885991
13.647461	1.345679	13.916016	1542.000000	1497.245265	1.139716
13.671875	1.345679	13.940430	1507.000000	1492.247897	0.380012
13.696289	-0.654321	13.964844	1489.000000	1486.016964	0.077306
13.720703	1.345679	13.989258	1551.000000	1476.046124	1.903217
13.745117	0.345679	14.013672	1549.000000	1472.399577	1.946281
13.769531	2.345679	14.038086	1529.000000	1463.745623	1.668806
13.793945	0.345679	14.062500	1475.000000	1456.386337	0.484659
13.818359	3.345679	14.086914	1556.000000	1451.571857	2.647359
13.842773	2.345679	14.111328	1509.000000	1446.778927	1.601743
13.867187	2.345679	14.135742	1535.000000	1440.751518	2.405582
13.891602	-1.654321	14.160156	1463.000000	1437.262954	0.672878
13.916016	1.345679	14.184570	1477.000000	1431.278140	1.189690
13.940430	1.345679	14.208984	1351.000000	1425.320114	-2.021989
13.964844	0.345679	14.233398	1498.000000	1418.132824	2.063538
13.989258	-2.654321	14.257812	1335.000000	1413.489571	-2.148183
14.013672	2.345679	14.282227	1447.000000	1410.123034	0.969440
14.038086	-1.654321	14.306641	1448.000000	1406.771566	1.083459
14.062500	-0.654321	14.331055	1490.000000	1398.411369	2.372731
14.086914	1.345679	14.355469	1430.000000	1392.600459	0.989004
14.111328	1.345679	14.379883	1408.000000	1386.381409	0.576137
14.135742	0.345679	14.404297	1420.000000	1380.190196	1.056443
14.160156	2.345679	14.428711	1432.000000	1374.026696	1.531992
14.184570	0.345679	14.453125	1388.000000	1367.890784	0.539760
14.208984	0.345679	14.477539	1356.000000	1361.782337	-0.157027
14.233398	-0.654321	14.501953	1406.000000	1355.701232	1.341420
14.257812	1.345679	14.526367	1266.000000	1349.647347	-2.350906
14.282227	2.345679	14.550781	1381.000000	1343.620559	1.005856
14.306641	2.345679	14.575195	1336.000000	1337.620749	-0.044342
14.331055	-1.654321	14.599609	1315.000000	1331.647793	-0.459086
14.355469	0.345679	14.624023	1346.000000	1325.701574	0.553273
14.648437	1398.000000	1319.781970	2.091960
14.672852	1339.000000	1313.888863	0.686240
14.697266	1389.000000	1308.022135	2.172777
14.721680	1326.000000	1302.181666	0.654093
14.746094	1322.000000	1296.367340	0.704982
14.770508	1347.000000	1290.579039	1.537293
14.794922	1306.000000	1284.816648	0.586169
14.819336	1311.000000	1279.080049	0.881578
14.843750	1304.000000	1273.369128	0.848244
14.868164	1321.000000	1267.683770	1.466925
14.892578	1283.000000	1262.023860	0.585615
14.916992	1336.000000	1256.389284	2.178052
14.941406	1288.000000	1250.779930	1.037097
14.965820	1329.000000	1245.195683	2.298814
14.990234	1272.000000	1239.636432	0.907429
15.014648	1244.000000	1234.102065	0.280630
15.039062	1301.000000	1228.592470	2.007452
15.063477	1250.000000	1223.107537	0.760634
15.087891	1256.000000	1217.647154	1.082188
15.112305	1236.000000	1212.211213	0.676648
15.136719	1250.000000	1206.799604	1.221892
15.161133	1178.000000	1201.412218	-0.682134
15.185547	1230.000000	1196.048946	0.968056
15.209961	1268.000000	1190.709681	2.170528
15.234375	1269.000000	1185.394315	2.346956
15.258789	1184.000000	1180.102741	0.113262
15.283203	1237.000000	1174.834853	1.767511
15.307617	1173.000000	1169.590544	0.099549
15.332031	1255.000000	1164.369709	2.558300
15.356445	1244.000000	1159.172244	2.405070
15.380859	1196.000000	1153.998043	1.214518
15.405273	1157.000000	1148.847002	0.239690
15.429687	1232.000000	1143.719017	2.515138
15.454102	1254.000000	1138.613986	3.258400
15.478516	1138.000000	1133.531806	0.132453
15.502930	1160.000000	1128.472374	0.925683
15.527344	1130.000000	1123.435588	0.195279
15.551758	1188.000000	1118.421348	2.018681
15.576172	1157.000000	1113.429552	1.280930
15.600586	1105.000000	1108.460100	-0.104090
15.625000	1141.000000	1103.512891	1.109786
15.649414	1143.000000	1098.587827	1.313648
15.673828	1108.000000	1093.684808	0.430058
15.698242	1115.000000	1088.803735	0.784516
15.722656	1078.000000	1083.944510	-0.181053
15.747070	1163.000000	1079.107036	2.460003
15.771484	1103.000000	1074.291215	0.864424
15.795898	1111.000000	1069.496950	1.245154
15.820312	1096.000000	1064.724144	0.944722
15.844727	1177.000000	1059.972703	3.411135
15.869141	1134.000000	1055.242529	2.338758
15.893555	1036.000000	1050.533528	-0.451535
15.917969	1144.000000	1045.845604	2.901996
15.942383	1066.000000	1041.178665	0.760233
15.966797	1099.000000	1036.532615	1.884319
15.991211	1128.000000	1031.907361	2.861117
16.015625	1047.000000	1027.302811	0.608739
16.040039	1075.000000	1022.718870	1.594560
16.064453	1041.000000	1018.155449	0.708039
16.088867	998.000000	1013.612453	-0.494204
16.113281	1037.000000	1009.089792	0.866710
16.137695	1042.000000	1004.587375	1.159002
16.162109	1022.000000	1000.105112	0.684884
16.186523	1062.000000	995.642912	2.036222
16.210937	1046.000000	991.200684	1.694374
16.235352	1092.000000	986.778341	3.184152
16.259766	1037.000000	982.375793	1.696273
16.284180	1045.000000	977.992950	2.072824
16.308594	1066.000000	973.629726	2.829135
16.333008	1103.000000	969.286032	4.026141
16.357422	889.000000	964.961781	-2.547676
16.381836	1020.000000	960.656886	1.858105
16.406250	942.000000	956.371260	-0.468241
16.430664	1056.000000	952.104817	3.197153
16.455078	1052.000000	947.857471	3.210852
16.479492	1021.000000	943.629136	2.421389
16.503906	959.000000	939.419728	0.632280
16.528320	1021.000000	935.229161	2.684274
16.552734	1043.000000	931.057352	3.466198
16.577148	983.000000	926.904217	1.789178
16.601562	1018.000000	922.769671	2.984705
16.625977	953.000000	918.653632	1.112588
16.650391	1024.000000	914.556017	3.420124
16.674805	955.000000	910.476743	1.440739
16.699219	967.000000	906.415728	1.948259
16.723633	991.000000	902.372891	2.815333
16.748047	956.000000	898.348150	1.864594
16.772461	956.000000	894.341424	1.994181
16.796875	999.000000	890.352633	3.437451
16.821289	982.000000	886.381696	3.051303
16.845703	1047.000000	882.428533	5.086057
16.870117	984.000000	878.493065	3.363438
16.894531	929.000000	874.575213	1.785619
16.918945	918.000000	870.674897	1.561961
16.943359	943.000000	866.792040	2.481673
16.967773	945.000000	862.926562	2.669849
16.992187	951.000000	859.078387	2.980763
17.016602	915.000000	855.247437	1.975359
17.041016	924.000000	851.433634	2.387258
17.065430	989.000000	847.636903	4.495085
17.089844	940.000000	843.857166	3.135833
17.114258	864.000000	840.094347	0.813287
17.138672	918.000000	836.348371	2.694905
17.163086	928.000000	832.619163	3.131029
17.187500	935.000000	828.906647	3.469624
17.211914	903.000000	825.210748	2.588664
17.236328	935.000000	821.531393	3.710820
17.260742	871.000000	817.868507	1.800292
17.285156	882.000000	814.222016	2.282203
17.309570	852.000000	810.591847	1.418620
17.333984	883.000000	806.977928	2.558346
17.358398	882.000000	803.380185	2.647267
17.382812	914.000000	799.798545	3.777448
17.407227	848.000000	796.232937	1.777688
17.431641	901.000000	792.683290	3.608553
17.456055	829.000000	789.149531	1.384064
17.480469	874.000000	785.631589	2.989106
17.504883	833.000000	782.129394	1.762562
17.529297	861.000000	778.642876	2.806723
17.553711	789.000000	775.171963	0.492291
17.578125	800.000000	771.716586	0.999970
17.602539	840.000000	768.276676	2.474690
17.626953	836.000000	764.852164	2.460699
17.651367	853.000000	761.442980	3.134853
17.675781	844.000000	758.049056	2.958554
17.700195	827.000000	754.670323	2.515149
17.724609	874.000000	751.306714	4.150162
17.749023	806.000000	747.958161	2.044437
17.773437	836.000000	744.624596	3.160284
17.797852	879.000000	741.305952	4.644305
17.822266	744.000000	738.002164	0.219891
17.846680	774.000000	734.713163	1.412136
17.871094	737.000000	731.438884	0.204846
17.895508	787.000000	728.179261	2.096733
17.919922	797.000000	724.934229	2.552701
17.944336	809.000000	721.703722	3.069174
17.968750	744.000000	718.487674	0.935327
17.993164	800.000000	715.286023	2.995091
18.017578	789.000000	712.098702	2.737759
18.041992	781.000000	708.925648	2.579023
18.066406	767.000000	705.766796	2.211003
18.090820	765.000000	702.622084	2.255278
18.115234	762.000000	699.491449	2.264446
18.139648	765.000000	696.374826	2.481148
18.164062	754.000000	693.272153	2.211578
18.188477	692.000000	690.183369	0.069058
18.212891	731.000000	687.108410	1.623389
18.237305	761.000000	684.047215	2.789536
18.261719	742.000000	680.999722	2.239391
18.286133	757.000000	677.965870	2.872544
18.310547	747.000000	674.945598	2.636333
18.334961	705.000000	671.938845	1.245155
18.359375	681.000000	668.945551	0.461928
18.383789	726.000000	665.965654	2.228084
18.408203	707.000000	662.999096	1.654824
18.432617	711.000000	660.045817	1.910931
18.457031	722.000000	657.105757	2.415114
18.481445	716.000000	654.178857	2.310365
18.505859	737.000000	651.265058	3.158087
18.530273	726.000000	648.364302	2.881331
18.554687	731.000000	645.476529	3.163200
18.579102	652.000000	642.601683	0.368067
18.603516	639.000000	639.739704	-0.029262
18.627930	698.000000	636.890536	2.313027
18.652344	698.000000	634.054122	2.420387
18.676758	686.000000	631.230403	2.091113
18.701172	709.000000	628.419324	3.026271
18.725586	647.000000	625.620827	0.840502
18.750000	644.000000	622.834857	0.834023
18.774414	642.000000	620.061357	0.865849
18.798828	720.000000	617.300271	3.827393
18.823242	689.000000	614.551545	2.836260
18.847656	676.000000	611.815122	2.468649
18.872070	606.000000	609.090947	-0.125561
18.896484	703.000000	606.378966	3.644131
18.920898	649.000000	603.679125	1.779000
18.945312	619.000000	600.991368	0.723828
18.969727	641.000000	598.315641	1.685931
18.994141	634.000000	595.651892	1.522998
19.018555	646.000000	593.000065	2.085255
19.042969	609.000000	590.360109	0.755326
19.067383	607.000000	587.731969	0.782065
19.091797	679.000000	585.115594	3.602953
19.116211	644.000000	582.510929	2.423009
19.140625	640.000000	579.917923	2.374953
19.165039	678.000000	577.336523	3.865958
19.189453	642.000000	574.766679	2.653488
19.213867	621.000000	572.208337	1.957942
19.238281	647.000000	569.661446	3.040492
19.262695	643.000000	567.125956	2.992180
19.287109	669.000000	564.601815	4.036267
19.311523	659.000000	562.088972	3.775118
19.335937	627.000000	559.587377	2.692201
19.360352	625.000000	557.096979	2.716121
19.384766	592.000000	554.617728	1.536402
19.409180	633.000000	552.149575	3.213516
19.433594	640.000000	549.692470	3.569719
19.458008	582.000000	547.246363	1.440585
19.482422	648.000000	544.811204	4.053639
19.506836	655.000000	542.386946	4.400156
19.531250	608.000000	539.973539	2.758837
19.555664	593.000000	537.570935	2.276199
19.580078	570.000000	535.179085	1.458488
19.604492	590.000000	532.797941	2.354971
19.628906	621.000000	530.427456	3.634551
19.653320	583.000000	528.067581	2.275068
19.677734	603.000000	525.718269	3.147155
19.702148	557.000000	523.379473	1.424547
19.726562	609.000000	521.051145	3.563867
19.750977	549.000000	518.733240	1.291754
19.775391	573.000000	516.425709	2.363425
19.799805	579.000000	514.128507	2.695967
19.824219	593.000000	511.841588	3.332777
19.848633	611.000000	509.564906	4.103625
19.873047	556.000000	507.298413	2.065407
19.897461	612.000000	505.042066	4.323518
19.921875	546.000000	502.795819	1.848968
19.946289	581.000000	500.559626	3.337229
19.970703	542.000000	498.333443	1.875639
19.995117	536.000000	496.117224	1.722674
20.019531	521.000000	493.910925	1.186794
20.043945	517.000000	491.714502	1.112055
20.068359	536.000000	489.527910	2.007289
20.092773	577.000000	487.351105	3.732132
20.117187	575.000000	485.184045	3.745584
20.141602	575.000000	483.026684	3.835552
20.166016	550.000000	480.878979	2.947330
20.190430	554.000000	478.740889	3.197453
20.214844	592.000000	476.612368	4.742402
20.239258	507.000000	474.493375	1.443670
20.263672	530.000000	472.383867	2.502685
20.288086	535.000000	470.283801	2.797925
20.312500	556.000000	468.193135	3.723841
20.336914	516.000000	466.111827	2.196204
20.361328	519.000000	464.039835	2.412483
20.385742	517.000000	461.977118	2.419904
20.410156	517.000000	459.923634	2.510216
20.434570	516.000000	457.879341	2.558619
20.458984	535.000000	455.844199	3.422204
20.483398	555.000000	453.818167	4.294930
20.507812	493.000000	451.801203	1.855501
20.532227	534.000000	449.793267	3.643982
20.556641	542.000000	447.794319	4.046480
20.581055	491.000000	445.804318	2.039653
20.605469	542.000000	443.823225	4.217054
20.629883	500.000000	441.851000	2.600502
20.654297	514.000000	439.887602	3.268958
20.678711	488.000000	437.932993	2.266427
20.703125	500.000000	435.987132	2.862742
20.727539	530.000000	434.049982	4.167802
20.751953	508.000000	432.121502	3.366564
20.776367	481.000000	430.201655	2.316205
20.800781	492.000000	428.290401	2.872251
20.825195	483.000000	426.387702	2.575949
20.849609	500.000000	424.493520	3.376752
20.874023	480.000000	422.607816	2.619583
20.898437	495.000000	420.730553	3.338163
20.922852	522.000000	418.861692	4.514241
20.947266	506.000000	417.001197	3.956479
20.971680	462.000000	415.149030	2.179704
20.996094	500.000000	413.257798	3.879229
21.020508	476.000000	411.480602	2.957242
21.044922	500.000000	409.640981	4.040978
21.069336	457.000000	407.598454	2.310907
21.093750	459.000000	405.741020	2.485916
21.118164	493.000000	403.891900	4.013227
21.142578	470.000000	402.086247	3.132628
21.166992	501.000000	400.183106	4.504167
21.191406	485.000000	398.394053	3.932573
21.215820	415.000000	396.577819	0.904309
21.240234	453.000000	394.840094	2.732591
