Name des Datensatzes:	BLOCK 2
Wiederholrate [ns]:	19.604
Zeit Shift [ns] (fest):	0.000
Offset (fest):	3.211

Komponente 1
tau [ns]:	5.418102
A:	0.186998
%:	100.000000
f:	1.000000

t_irf	irf	t	daten	fit	res
[ns]	counts (offset korrigiert)	[ns]			counts 
1.391602	1.345679	1.660156	61.000000	61.765528	-0.098016
1.416016	-1.654321	1.684570	71.000000	61.767267	1.095724
1.440430	0.345679	1.708984	70.000000	61.894704	0.968768
1.464844	6.345679	1.733398	61.000000	61.486675	-0.062312
1.489258	1.345679	1.757812	77.000000	61.678484	1.746049
1.513672	1.345679	1.782227	72.000000	62.058247	1.171647
1.538086	0.345679	1.806641	64.000000	61.681039	0.289870
1.562500	3.345679	1.831055	75.000000	62.406866	1.454130
1.586914	0.345679	1.855469	63.000000	62.405722	0.074872
1.611328	1.345679	1.879883	62.000000	61.586209	0.052552
1.635742	-0.654321	1.904297	74.000000	61.116456	1.497682
1.660156	-1.654321	1.928711	56.000000	61.121114	-0.684338
1.684570	1.345679	1.953125	57.000000	60.685008	-0.488091
1.708984	2.345679	1.977539	67.000000	60.282418	0.820683
1.733398	-0.654321	2.001953	73.000000	59.976305	1.524308
1.757812	2.345679	2.026367	50.000000	59.356529	-1.323213
1.782227	3.345679	2.050781	51.000000	59.746731	-1.224787
1.806641	-0.654321	2.075195	76.000000	59.883252	1.848718
1.831055	5.345679	2.099609	71.000000	60.271086	1.273288
1.855469	1.345679	2.124023	57.000000	59.901912	-0.384368
1.879883	-2.654321	2.148437	70.000000	59.282472	1.280990
1.904297	-0.654321	2.172852	65.000000	58.540111	0.801251
1.928711	1.345679	2.197266	63.000000	58.147165	0.611400
1.953125	-0.654321	2.221680	61.000000	59.329623	0.213870
1.977539	-0.654321	2.246094	59.000000	59.090387	-0.011767
2.001953	-0.654321	2.270508	63.000000	59.072598	0.494806
2.026367	-1.654321	2.294922	48.000000	58.771924	-1.554793
2.050781	3.345679	2.319336	70.000000	58.504157	1.374016
2.075195	2.345679	2.343750	54.000000	58.615227	-0.628053
2.099609	3.345679	2.368164	64.000000	58.221942	0.722257
2.124023	-0.654321	2.392578	84.000000	58.019242	2.834733
2.148437	-1.654321	2.416992	68.000000	57.754859	1.242406
2.172852	-2.654321	2.441406	56.000000	57.208182	-0.161450
2.197266	-0.654321	2.465820	68.000000	57.419227	1.283107
2.221680	7.345679	2.490234	65.000000	57.849695	0.886886
2.246094	0.345679	2.514648	57.000000	59.190751	-0.290172
2.270508	1.345679	2.539062	67.000000	59.990885	0.856300
2.294922	-0.654321	2.563477	63.000000	61.763058	0.155840
2.319336	-0.654321	2.587891	60.000000	63.589856	-0.463448
2.343750	1.345679	2.612305	62.000000	65.125477	-0.396936
2.368164	-0.654321	2.636719	80.000000	67.346346	1.414722
2.392578	0.345679	2.661133	74.000000	71.854576	0.249400
2.416992	-0.654321	2.685547	63.000000	75.052382	-1.518457
2.441406	-1.654321	2.709961	71.000000	85.222000	-1.687841
2.465820	2.345679	2.734375	85.000000	104.094021	-2.071037
2.490234	3.345679	2.758789	128.000000	139.214030	-0.991190
2.514648	8.345679	2.783203	176.000000	180.564329	-0.344049
2.539062	5.345679	2.807617	250.000000	239.886604	0.639627
2.563477	10.345679	2.832031	307.000000	316.313235	-0.531534
2.587891	11.345679	2.856445	359.000000	401.207498	-2.227627
2.612305	9.345679	2.880859	521.000000	495.664735	1.109958
2.636719	13.345679	2.905273	696.000000	592.434876	3.925626
2.661133	25.345679	2.929687	756.000000	687.668610	2.485189
2.685547	18.345679	2.954102	827.000000	771.113674	1.943358
2.709961	55.345679	2.978516	960.000000	850.532967	3.533033
2.734375	102.345679	3.002930	1078.000000	921.759599	4.758652
2.758789	188.345679	3.027344	1160.000000	993.546972	4.887229
2.783203	222.345679	3.051758	1219.000000	1048.081279	4.895395
2.807617	318.345679	3.076172	1293.000000	1097.461192	5.437931
2.832031	410.345679	3.100586	1345.000000	1136.045409	5.697585
2.856445	457.345679	3.125000	1412.000000	1165.361437	6.563623
2.880859	509.345679	3.149414	1352.000000	1190.328602	4.396882
2.905273	524.345679	3.173828	1386.000000	1206.907175	4.810570
2.929687	518.345679	3.198242	1356.000000	1217.903995	3.750173
2.954102	458.345679	3.222656	1379.000000	1229.323673	4.030612
2.978516	439.345679	3.247070	1396.000000	1234.618346	4.319281
3.002930	397.345679	3.271484	1280.000000	1238.945134	1.147518
3.027344	402.345679	3.295898	1345.000000	1241.143940	2.831853
3.051758	312.345679	3.320312	1274.000000	1244.214346	0.834492
3.076172	286.345679	3.344727	1325.000000	1245.634198	2.180346
3.100586	230.345679	3.369141	1364.000000	1245.317286	3.213515
3.125000	182.345679	3.393555	1261.000000	1245.442024	0.438123
3.149414	160.345679	3.417969	1280.000000	1245.975388	0.951017
3.173828	116.345679	3.442383	1358.000000	1243.233373	3.114338
3.198242	87.345679	3.466797	1279.000000	1242.580661	1.018349
3.222656	89.345679	3.491211	1250.000000	1243.095334	0.195293
3.247070	57.345679	3.515625	1303.000000	1241.908350	1.692426
3.271484	52.345679	3.540039	1330.000000	1239.877290	2.471203
3.295898	41.345679	3.564453	1251.000000	1238.767885	0.345838
3.320312	45.345679	3.588867	1261.000000	1236.247608	0.697043
3.344727	37.345679	3.613281	1319.000000	1234.115775	2.337247
3.369141	27.345679	3.637695	1253.000000	1232.748791	0.572105
3.393555	30.345679	3.662109	1187.000000	1229.751721	-1.240876
3.417969	32.345679	3.686523	1193.000000	1226.327382	-0.964897
3.442383	15.345679	3.710937	1182.000000	1223.988740	-1.221305
3.466797	26.345679	3.735352	1263.000000	1220.810682	1.187137
3.491211	32.345679	3.759766	1233.000000	1217.426541	0.443510
3.515625	23.345679	3.784180	1266.000000	1215.316733	1.424452
3.540039	18.345679	3.808594	1191.000000	1211.517066	-0.594510
3.564453	23.345679	3.833008	1237.000000	1209.937162	0.769464
3.588867	15.345679	3.857422	1158.000000	1206.318942	-1.419918
3.613281	18.345679	3.881836	1262.000000	1203.661069	1.642210
3.637695	22.345679	3.906250	1232.000000	1199.630322	0.922217
3.662109	13.345679	3.930664	1212.000000	1196.058440	0.457909
3.686523	11.345679	3.955078	1168.000000	1193.415141	-0.743654
3.710937	16.345679	3.979492	1220.000000	1189.147494	0.883305
3.735352	12.345679	4.003906	1156.000000	1185.968818	-0.881436
3.759766	11.345679	4.028320	1156.000000	1183.465548	-0.807810
3.784180	17.345679	4.052734	1205.000000	1182.074871	0.660417
3.808594	8.345679	4.077148	1167.000000	1179.368736	-0.362068
3.833008	20.345679	4.101562	1123.000000	1176.359729	-1.592296
3.857422	9.345679	4.125977	1128.000000	1174.214180	-1.376007
3.881836	14.345679	4.150391	1164.000000	1171.134198	-0.209107
3.906250	7.345679	4.174805	1155.000000	1168.036508	-0.383593
3.930664	9.345679	4.199219	1165.000000	1164.669261	0.009690
3.955078	14.345679	4.223633	1189.000000	1161.286116	0.803723
3.979492	5.345679	4.248047	1096.000000	1157.225511	-1.849384
4.003906	11.345679	4.272461	1167.000000	1153.592349	0.392480
4.028320	14.345679	4.296875	1178.000000	1149.661001	0.825680
4.052734	20.345679	4.321289	1164.000000	1146.313775	0.518392
4.077148	13.345679	4.345703	1103.000000	1142.950042	-1.202900
4.101562	12.345679	4.370117	1085.000000	1139.475728	-1.653820
4.125977	16.345679	4.394531	1116.000000	1135.576291	-0.586001
4.150391	11.345679	4.418945	1164.000000	1131.505569	0.952429
4.174805	11.345679	4.443359	1111.000000	1127.421593	-0.492672
4.199219	10.345679	4.467773	1110.000000	1123.607906	-0.408441
4.223633	9.345679	4.492187	1091.000000	1119.654104	-0.867510
4.248047	6.345679	4.516602	1087.000000	1117.417420	-0.922588
4.272461	8.345679	4.541016	1100.000000	1113.176412	-0.397284
4.296875	6.345679	4.565430	1115.000000	1109.961661	0.150886
4.321289	9.345679	4.589844	1112.000000	1105.806376	0.185734
4.345703	9.345679	4.614258	1034.000000	1101.292140	-2.092686
4.370117	8.345679	4.638672	1065.000000	1097.553464	-0.997522
4.394531	6.345679	4.663086	1024.000000	1093.076332	-2.158635
4.418945	5.345679	4.687500	1085.000000	1089.563409	-0.138540
4.443359	5.345679	4.711914	1057.000000	1086.066279	-0.894030
4.467773	6.345679	4.736328	1044.000000	1082.773688	-1.200016
4.492187	5.345679	4.760742	1029.000000	1079.118269	-1.562386
4.516602	14.345679	4.785156	1085.000000	1075.101651	0.300502
4.541016	4.345679	4.809570	1090.000000	1071.669540	0.555214
4.565430	9.345679	4.833984	1035.000000	1067.875228	-1.021877
4.589844	4.345679	4.858398	1051.000000	1064.286790	-0.409844
4.614258	2.345679	4.882812	973.000000	1060.148037	-2.793838
4.638672	6.345679	4.907227	952.000000	1057.160787	-3.408281
4.663086	2.345679	4.931641	1089.000000	1053.242888	1.083549
4.687500	7.345679	4.956055	1001.000000	1049.153788	-1.521996
4.711914	7.345679	4.980469	1022.000000	1045.083071	-0.722051
4.736328	8.345679	5.004883	1019.000000	1040.653025	-0.678315
4.760742	6.345679	5.029297	1033.000000	1036.242895	-0.100898
4.785156	4.345679	5.053711	1009.000000	1032.419040	-0.737265
4.809570	7.345679	5.078125	960.000000	1028.990009	-2.226643
4.833984	5.345679	5.102539	1011.000000	1024.065867	-0.410925
4.858398	6.345679	5.126953	1034.000000	1021.618470	0.385047
4.882812	3.345679	5.151367	1025.000000	1018.049181	0.217107
4.907227	9.345679	5.175781	993.000000	1014.118308	-0.670169
4.931641	4.345679	5.200195	996.000000	1009.638659	-0.432157
4.956055	3.345679	5.224609	983.000000	1006.123230	-0.737516
4.980469	3.345679	5.249023	1013.000000	1001.679526	0.355680
5.004883	1.345679	5.273437	936.000000	997.822248	-2.020723
5.029297	1.345679	5.297852	936.000000	993.793496	-1.889040
5.053711	4.345679	5.322266	971.000000	989.971673	-0.608830
5.078125	6.345679	5.346680	931.000000	986.544664	-1.820403
5.102539	-1.654321	5.371094	963.000000	983.133063	-0.648779
5.126953	11.345679	5.395508	969.000000	979.170352	-0.326719
5.151367	5.345679	5.419922	967.000000	975.791905	-0.282729
5.175781	3.345679	5.444336	894.000000	971.484567	-2.591472
5.200195	0.345679	5.468750	932.000000	967.763042	-1.171457
5.224609	5.345679	5.493164	976.000000	963.869433	0.388290
5.249023	0.345679	5.517578	964.000000	959.426881	0.147290
5.273437	3.345679	5.541992	923.000000	955.759566	-1.078294
5.297852	2.345679	5.566406	929.000000	952.486371	-0.770563
5.322266	3.345679	5.590820	870.000000	948.661444	-2.666873
5.346680	5.345679	5.615234	872.000000	944.287266	-2.447956
5.371094	5.345679	5.639648	898.000000	940.310385	-1.411916
5.395508	2.345679	5.664062	933.000000	936.351383	-0.109719
5.419922	5.345679	5.688477	906.000000	933.165445	-0.902511
5.444336	0.345679	5.712891	841.000000	929.427383	-3.049220
5.468750	3.345679	5.737305	890.000000	925.894942	-1.203201
5.493164	2.345679	5.761719	883.000000	923.133646	-1.350605
5.517578	-0.654321	5.786133	889.000000	918.874238	-1.001950
5.541992	3.345679	5.810547	838.000000	915.011611	-2.660322
5.566406	5.345679	5.834961	813.000000	911.732798	-3.462710
5.590820	2.345679	5.859375	901.000000	908.091094	-0.236239
5.615234	-0.654321	5.883789	835.000000	904.276947	-2.397428
5.639648	1.345679	5.908203	836.000000	900.479947	-2.230086
5.664062	1.345679	5.932617	909.000000	897.266467	0.389177
5.688477	5.345679	5.957031	880.000000	893.500986	-0.455118
5.712891	2.345679	5.981445	881.000000	889.752434	-0.294877
5.737305	3.345679	6.005859	830.000000	886.398367	-1.957616
5.761719	7.345679	6.030273	858.000000	882.115300	-0.823283
5.786133	-0.654321	6.054687	798.000000	878.795569	-2.860132
5.810547	1.345679	6.079102	853.000000	874.735499	-0.744209
5.834961	4.345679	6.103516	837.000000	871.826578	-1.203783
5.859375	2.345679	6.127930	841.000000	869.308368	-0.976151
5.883789	1.345679	6.152344	886.000000	866.046215	0.670361
5.908203	1.345679	6.176758	773.000000	862.421096	-3.216253
5.932617	4.345679	6.201172	789.000000	858.434644	-2.471939
5.957031	1.345679	6.225586	791.000000	854.466115	-2.256595
5.981445	1.345679	6.250000	792.000000	850.704243	-2.085964
6.005859	3.345679	6.274414	801.000000	847.525732	-1.643906
6.030273	-1.654321	6.298828	835.000000	844.172696	-0.317434
6.054687	3.345679	6.323242	809.000000	840.834734	-1.119250
6.079102	-0.654321	6.347656	795.000000	837.134148	-1.494344
6.103516	5.345679	6.372070	768.000000	833.261383	-2.354917
6.127930	7.345679	6.396484	789.000000	829.594845	-1.445215
6.152344	3.345679	6.420898	829.000000	825.755976	0.112670
6.176758	1.345679	6.445312	756.000000	822.689629	-2.425478
6.201172	-0.654321	6.469727	731.000000	819.259437	-3.264393
6.225586	-0.654321	6.494141	764.000000	816.411114	-1.896168
6.250000	0.345679	6.518555	844.000000	812.820333	1.073248
6.274414	3.345679	6.542969	781.000000	808.868064	-0.997198
6.298828	2.345679	6.567383	723.000000	805.311196	-3.061186
6.323242	2.345679	6.591797	728.000000	801.959135	-2.741108
6.347656	0.345679	6.616211	772.000000	798.622145	-0.958152
6.372070	-0.654321	6.640625	814.000000	795.111341	0.662047
6.396484	0.345679	6.665039	790.000000	791.616321	-0.057506
6.420898	-0.654321	6.689453	806.000000	788.325831	0.622546
6.445312	3.345679	6.713867	774.000000	784.672502	-0.383615
6.469727	1.345679	6.738281	758.000000	781.035599	-0.836691
6.494141	4.345679	6.762695	777.000000	777.603862	-0.021663
6.518555	0.345679	6.787109	725.000000	774.565186	-1.840805
6.542969	-1.654321	6.811523	714.000000	771.162539	-2.139254
6.567383	0.345679	6.835937	723.000000	767.586375	-1.658185
6.591797	1.345679	6.860352	704.000000	764.970368	-2.297907
6.616211	1.345679	6.884766	682.000000	761.233226	-3.033997
6.640625	0.345679	6.909180	749.000000	757.701703	-0.317953
6.665039	0.345679	6.933594	718.000000	754.374873	-1.357498
6.689453	1.345679	6.958008	723.000000	751.251815	-1.050696
6.713867	-0.654321	6.982422	712.000000	747.387535	-1.326204
6.738281	-0.654321	7.006836	763.000000	744.295892	0.677134
6.762695	0.345679	7.031250	748.000000	740.840517	0.261777
6.787109	2.345679	7.055664	713.000000	738.155940	-0.942097
6.811523	0.345679	7.080078	739.000000	735.483433	0.129359
6.835937	-0.654321	7.104492	683.000000	732.067677	-1.877522
6.860352	4.345679	7.128906	724.000000	729.044910	-0.187493
6.884766	-1.654321	7.153320	690.000000	725.658102	-1.357481
6.909180	-0.654321	7.177734	702.000000	722.286520	-0.765665
6.933594	0.345679	7.202148	656.000000	719.118912	-2.464379
6.958008	1.345679	7.226562	740.000000	716.909625	0.848819
6.982422	-2.654321	7.250977	720.000000	713.955007	0.225284
7.006836	1.345679	7.275391	717.000000	710.447224	0.244718
7.031250	-0.654321	7.299805	728.000000	707.521661	0.758978
7.055664	3.345679	7.324219	691.000000	704.231618	-0.503354
7.080078	3.345679	7.348633	674.000000	701.145183	-1.045593
7.104492	-0.654321	7.373047	681.000000	697.883808	-0.646989
7.128906	1.345679	7.397461	703.000000	694.637096	0.315413
7.153320	-0.654321	7.421875	682.000000	691.782612	-0.374596
7.177734	-0.654321	7.446289	677.000000	689.507410	-0.480699
7.202148	0.345679	7.470703	647.000000	686.864805	-1.567247
7.226562	5.345679	7.495117	677.000000	684.045265	-0.270772
7.250977	1.345679	7.519531	652.000000	681.238401	-1.145064
7.275391	-1.654321	7.543945	651.000000	678.444156	-1.075621
7.299805	1.345679	7.568359	646.000000	675.851290	-1.174483
7.324219	-0.654321	7.592773	710.000000	673.270081	1.378449
7.348633	0.345679	7.617187	635.000000	669.945214	-1.386759
7.373047	-0.654321	7.641602	688.000000	666.824110	0.807323
7.397461	-0.654321	7.666016	668.000000	663.905855	0.158407
7.421875	1.345679	7.690430	631.000000	660.623087	-1.179276
7.446289	4.345679	7.714844	624.000000	657.732711	-1.350389
7.470703	2.345679	7.739258	675.000000	655.421777	0.753566
7.495117	1.345679	7.763672	618.000000	652.365969	-1.382402
7.519531	1.345679	7.788086	667.000000	649.701532	0.669799
7.543945	1.345679	7.812500	634.000000	646.671441	-0.503247
7.568359	2.345679	7.836914	667.000000	644.032606	0.889301
7.592773	2.345679	7.861328	621.000000	641.028002	-0.803696
7.617187	-1.654321	7.885742	629.000000	638.414539	-0.375382
7.641602	-0.654321	7.910156	642.000000	635.246378	0.266544
7.666016	0.345679	7.934570	571.000000	632.847724	-2.588247
7.690430	-1.654321	7.958984	649.000000	630.271038	0.735176
7.714844	0.345679	7.983398	611.000000	627.517120	-0.668211
7.739258	3.345679	8.007812	594.000000	624.964400	-1.270485
7.763672	-0.654321	8.032227	617.000000	622.423157	-0.218328
7.788086	1.345679	8.056641	581.000000	619.704523	-1.605734
7.812500	-0.654321	8.081055	588.000000	617.375743	-1.211435
7.836914	1.345679	8.105469	598.000000	614.679802	-0.682088
7.861328	-0.654321	8.129883	613.000000	612.184797	0.032926
7.885742	1.345679	8.154297	656.000000	609.512193	1.815044
7.910156	-1.654321	8.178711	614.000000	607.229237	0.273246
7.934570	2.345679	8.203125	599.000000	604.767729	-0.235663
7.958984	1.345679	8.227539	585.000000	601.562023	-0.684755
7.983398	0.345679	8.251953	591.000000	599.314810	-0.342026
8.007812	1.345679	8.276367	598.000000	596.700069	0.053158
8.032227	1.345679	8.300781	582.000000	594.285898	-0.509267
8.056641	0.345679	8.325195	602.000000	591.882582	0.412355
8.081055	2.345679	8.349609	542.000000	588.923623	-2.015542
8.105469	0.345679	8.374023	572.000000	586.733230	-0.616027
8.129883	1.345679	8.398437	569.000000	584.363870	-0.644087
8.154297	0.345679	8.422852	594.000000	582.193977	0.484407
8.178711	2.345679	8.447266	584.000000	579.845025	0.171934
8.203125	1.345679	8.471680	541.000000	577.695449	-1.577661
8.227539	-2.654321	8.496094	536.000000	575.177905	-1.692228
8.251953	2.345679	8.520508	565.000000	572.860496	-0.330694
8.276367	0.345679	8.544922	523.000000	571.119953	-2.104139
8.300781	1.345679	8.569336	583.000000	568.820788	0.587243
8.325195	1.345679	8.593750	572.000000	566.343143	0.236525
8.349609	-1.654321	8.618164	584.000000	564.443086	0.809271
8.374023	2.345679	8.642578	617.000000	561.418676	2.237620
8.398437	1.345679	8.666992	551.000000	559.163126	-0.347761
8.422852	2.345679	8.691406	571.000000	556.728902	0.597227
8.447266	1.345679	8.715820	534.000000	555.249701	-0.919564
8.471680	2.345679	8.740234	536.000000	553.210702	-0.743389
8.496094	0.345679	8.764648	569.000000	550.614423	0.770763
8.520508	1.345679	8.789062	531.000000	548.218632	-0.747225
8.544922	4.345679	8.813477	563.000000	546.211245	0.707562
8.569336	1.345679	8.837891	588.000000	544.212882	1.805750
8.593750	0.345679	8.862305	532.000000	541.657056	-0.418686
8.618164	3.345679	8.886719	527.000000	539.490353	-0.544088
8.642578	-2.654321	8.911133	534.000000	537.144574	-0.136079
8.666992	1.345679	8.935547	502.000000	535.375790	-1.489634
8.691406	0.345679	8.959961	485.000000	533.048511	-2.181770
8.715820	5.345679	8.984375	531.000000	530.731694	0.011643
8.740234	2.345679	9.008789	545.000000	528.614110	0.701894
8.764648	-0.654321	9.033203	523.000000	526.694862	-0.161565
8.789062	0.345679	9.057617	504.000000	524.217795	-0.900572
8.813477	2.345679	9.082031	481.000000	522.318312	-1.883953
8.837891	2.345679	9.106445	512.000000	519.860922	-0.347407
8.862305	-0.654321	9.130859	509.000000	518.358659	-0.414815
8.886719	1.345679	9.155273	516.000000	516.296702	-0.013062
8.911133	0.345679	9.179687	518.000000	514.432831	0.156732
8.935547	3.345679	9.204102	493.000000	512.199709	-0.864711
8.959961	0.345679	9.228516	490.000000	510.165442	-0.910982
8.984375	0.345679	9.252930	503.000000	507.762689	-0.212358
9.008789	1.345679	9.277344	526.000000	505.748371	0.883013
9.033203	2.345679	9.301758	483.000000	503.176661	-0.918070
9.057617	-0.654321	9.326172	468.000000	500.616513	-1.507699
9.082031	2.345679	9.350586	481.000000	498.445507	-0.795447
9.106445	-0.654321	9.375000	509.000000	496.850709	0.538508
9.130859	4.345679	9.399414	497.000000	494.696634	0.103320
9.155273	1.345679	9.423828	490.000000	492.741059	-0.123828
9.179687	2.345679	9.448242	469.000000	490.605460	-0.997647
9.204102	0.345679	9.472656	455.000000	488.101831	-1.551838
9.228516	1.345679	9.497070	504.000000	486.175905	0.793948
9.252930	-0.654321	9.521484	485.000000	483.881006	0.050811
9.277344	1.345679	9.545898	475.000000	481.596425	-0.302665
9.301758	-1.654321	9.570312	484.000000	479.133299	0.221214
9.326172	-1.654321	9.594727	479.000000	477.436511	0.071438
9.350586	0.345679	9.619141	508.000000	475.369720	1.447735
9.375000	3.345679	9.643555	444.000000	473.123404	-1.382136
9.399414	0.345679	9.667969	446.000000	471.453636	-1.205265
9.423828	1.345679	9.692383	489.000000	469.791374	0.868644
9.448242	0.345679	9.716797	515.000000	467.947770	2.073369
9.472656	-1.654321	9.741211	437.000000	466.490087	-1.410702
9.497070	1.345679	9.765625	447.000000	464.661325	-0.835352
9.521484	-0.654321	9.790039	463.000000	462.651969	0.016174
9.545898	-0.654321	9.814453	445.000000	460.085200	-0.715107
9.570312	-1.654321	9.838867	472.000000	458.285234	0.631273
9.594727	2.345679	9.863281	460.000000	456.115728	0.181105
9.619141	0.345679	9.887695	474.000000	453.955976	0.920652
9.643555	-0.654321	9.912109	463.000000	451.805935	0.520232
9.667969	2.345679	9.936523	439.000000	450.609639	-0.554098
9.692383	2.345679	9.960937	465.000000	449.418721	0.722565
9.716797	1.345679	9.985352	515.000000	447.855526	2.958739
9.741211	3.345679	10.009766	458.000000	446.110543	0.555558
9.765625	1.345679	10.034180	434.000000	444.184589	-0.488876
9.790039	0.345679	10.058594	424.000000	442.456111	-0.896308
9.814453	-2.654321	10.083008	439.000000	440.735403	-0.082826
9.838867	1.345679	10.107422	401.000000	439.400063	-1.917608
9.863281	-0.654321	10.131836	422.000000	437.693094	-0.763928
9.887695	-0.654321	10.156250	449.000000	435.804985	0.622711
9.912109	-0.654321	10.180664	426.000000	433.736548	-0.374837
9.936523	4.345679	10.205078	414.000000	431.488594	-0.859518
9.960937	4.345679	10.229492	398.000000	430.194827	-1.613781
9.985352	2.345679	10.253906	431.000000	428.529244	0.119012
10.009766	1.345679	10.278320	451.000000	426.871150	1.136183
10.034180	0.345679	10.302734	460.000000	424.654062	1.648013
10.058594	1.345679	10.327148	437.000000	422.635758	0.687135
10.083008	1.345679	10.351562	424.000000	420.626529	0.163830
10.107422	3.345679	10.375977	409.000000	419.003964	-0.494664
10.131836	1.345679	10.400391	406.000000	416.822246	-0.537099
10.156250	0.345679	10.424805	387.000000	415.783233	-1.463134
10.180664	-0.654321	10.449219	422.000000	413.804811	0.398936
10.205078	-1.654321	10.473633	422.000000	411.835284	0.494811
10.229492	3.345679	10.498047	407.000000	410.441060	-0.170567
10.253906	1.345679	10.522461	406.000000	408.864288	-0.142152
10.278320	1.345679	10.546875	379.000000	407.483421	-1.463095
10.302734	-1.654321	10.571289	426.000000	405.919946	0.972882
10.327148	-0.654321	10.595703	382.000000	404.174684	-1.134556
10.351562	-0.654321	10.620117	427.000000	403.003717	1.161262
10.375977	1.345679	10.644531	384.000000	401.649198	-0.900657
10.400391	-1.654321	10.668945	398.000000	400.300769	-0.115327
10.424805	4.345679	10.693359	355.000000	398.580771	-2.313027
10.449219	-0.654321	10.717773	403.000000	397.246137	0.286620
10.473633	-0.654321	10.742187	355.000000	395.728688	-2.161654
10.498047	2.345679	10.766602	418.000000	393.840429	1.181683
10.522461	1.345679	10.791016	410.000000	392.338291	0.872250
10.546875	2.345679	10.815430	401.000000	390.654091	0.516650
10.571289	1.345679	10.839844	368.000000	388.599832	-1.073840
10.595703	0.345679	10.864258	364.000000	386.743623	-1.192090
10.620117	3.345679	10.888672	373.000000	385.273392	-0.635492
10.644531	2.345679	10.913086	358.000000	383.243323	-1.334151
10.668945	2.345679	10.937500	401.000000	382.355277	0.931073
10.693359	0.345679	10.961914	369.000000	380.338327	-0.590250
10.717773	2.345679	10.986328	358.000000	379.463341	-1.134373
10.742187	1.345679	11.010742	340.000000	378.403473	-2.082721
10.766602	-0.654321	11.035156	351.000000	376.781922	-1.376137
10.791016	1.345679	11.059570	358.000000	375.356478	-0.917318
10.815430	0.345679	11.083984	358.000000	373.559810	-0.822361
10.839844	-1.654321	11.108398	356.000000	372.148851	-0.855887
10.864258	-0.654321	11.132812	390.000000	370.555421	0.984615
10.888672	1.345679	11.157227	358.000000	368.780338	-0.569759
10.913086	-1.654321	11.181641	369.000000	367.390867	0.083768
10.937500	4.345679	11.206055	371.000000	365.818828	0.268993
10.961914	-1.654321	11.230469	353.000000	364.065040	-0.588933
10.986328	4.345679	11.254883	349.000000	362.696769	-0.733171
11.010742	3.345679	11.279297	386.000000	360.957018	1.274654
11.035156	0.345679	11.303711	376.000000	359.036273	0.874837
11.059570	1.345679	11.328125	377.000000	357.124163	1.023658
11.083984	-0.654321	11.352539	330.000000	355.787097	-1.419533
11.108398	1.345679	11.376953	345.000000	354.456043	-0.509096
11.132812	0.345679	11.401367	360.000000	353.508604	0.342127
11.157227	-0.654321	11.425781	366.000000	351.810162	0.741715
11.181641	1.345679	11.450195	320.000000	349.741724	-1.662613
11.206055	0.345679	11.474609	367.000000	348.249033	0.978793
11.230469	-0.654321	11.499023	307.000000	346.385421	-2.247845
11.254883	1.345679	11.523437	333.000000	344.719004	-0.642197
11.279297	-0.654321	11.547852	318.000000	343.248894	-1.415888
11.303711	-1.654321	11.572266	350.000000	341.785394	0.439089
11.328125	-1.654321	11.596680	304.000000	340.328474	-2.083581
11.352539	1.345679	11.621094	345.000000	338.689288	0.339757
11.376953	1.345679	11.645508	290.000000	337.246287	-2.774398
11.401367	3.345679	11.669922	312.000000	335.432143	-1.326584
11.425781	-0.654321	11.694336	335.000000	333.437338	0.085377
11.450195	-2.654321	11.718750	339.000000	332.017950	0.379213
11.474609	0.345679	11.743164	334.000000	330.227311	0.206432
11.499023	-1.654321	11.767578	313.000000	328.633538	-0.883660
11.523437	-0.654321	11.791992	291.000000	327.613379	-2.146314
11.547852	0.345679	11.816406	369.000000	325.842543	2.246687
11.572266	0.345679	11.840820	312.000000	324.457300	-0.705256
11.596680	0.345679	11.865234	325.000000	322.700653	0.127545
11.621094	-0.654321	11.889648	323.000000	321.329535	0.092947
11.645508	0.345679	11.914062	314.000000	319.964582	-0.336601
11.669922	-1.654321	11.938477	324.000000	318.228134	0.320659
11.694336	-2.654321	11.962891	315.000000	316.877124	-0.105764
11.718750	0.345679	11.987305	337.000000	315.343372	1.179712
11.743164	-1.654321	12.011719	284.000000	314.194148	-1.791693
11.767578	-0.654321	12.036133	302.000000	312.483643	-0.603266
11.791992	2.345679	12.060547	307.000000	310.969644	-0.226560
11.816406	-1.654321	12.084961	289.000000	310.028899	-1.236994
11.840820	0.345679	12.109375	304.000000	309.281200	-0.302898
11.865234	-1.654321	12.133789	350.000000	308.536863	2.216298
11.889648	0.345679	12.158203	304.000000	307.040608	-0.174391
11.914062	0.345679	12.182617	278.000000	305.551080	-1.652404
11.938477	-1.654321	12.207031	298.000000	304.823513	-0.395275
11.962891	0.345679	12.231445	299.000000	303.532769	-0.262137
11.987305	-0.654321	12.255859	299.000000	302.247828	-0.187827
12.011719	1.345679	12.280273	278.000000	301.157479	-1.388893
12.036133	-1.654321	12.304687	322.000000	299.883217	1.232520
12.060547	-0.654321	12.329102	292.000000	298.803500	-0.398145
12.084961	2.345679	12.353516	268.000000	297.917453	-1.827499
12.109375	3.345679	12.377930	293.000000	296.280126	-0.191627
12.133789	3.345679	12.402344	292.000000	295.216608	-0.188238
12.158203	-0.654321	12.426758	296.000000	293.780239	0.129021
12.182617	-0.654321	12.451172	290.000000	292.539145	-0.149104
12.207031	3.345679	12.475586	281.000000	291.492445	-0.625927
12.231445	0.345679	12.500000	285.000000	290.450452	-0.322857
12.255859	0.345679	12.524414	274.000000	288.657880	-0.885515
12.280273	1.345679	12.548828	298.000000	287.439815	0.611735
12.304687	0.345679	12.573242	289.000000	286.038410	0.174211
12.329102	1.345679	12.597656	288.000000	284.832121	0.186669
12.353516	2.345679	12.622070	270.000000	283.631256	-0.829572
12.377930	-1.654321	12.646484	274.000000	282.058158	-0.486811
12.402344	1.345679	12.670898	251.000000	281.247396	-1.909199
12.426758	-0.654321	12.695312	293.000000	279.873831	0.766839
12.451172	0.345679	12.719727	290.000000	278.695258	0.663837
12.475586	1.345679	12.744141	273.000000	277.333168	-0.262255
12.500000	1.345679	12.768555	314.000000	275.599569	2.167062
12.524414	-2.654321	12.792969	289.000000	274.440212	0.856458
12.548828	0.345679	12.817383	280.000000	272.908436	0.423802
12.573242	-0.654321	12.841797	305.000000	271.761179	1.903249
12.597656	0.345679	12.866211	245.000000	270.619079	-1.636743
12.622070	0.345679	12.890625	296.000000	269.482114	1.541321
12.646484	-1.654321	12.915039	279.000000	268.161444	0.648887
12.670898	2.345679	12.939453	257.000000	266.469081	-0.590665
12.695312	-0.654321	12.963867	255.000000	264.973142	-0.624542
12.719727	0.345679	12.988281	254.000000	263.295113	-0.583227
12.744141	-0.654321	13.012695	278.000000	262.191075	0.948156
12.768555	-2.654321	13.037109	270.000000	260.903186	0.553614
12.792969	0.345679	13.061523	247.000000	259.621086	-0.803060
12.817383	-1.654321	13.085937	260.000000	258.155935	0.114364
12.841797	0.345679	13.110352	250.000000	257.452635	-0.471346
12.866211	0.345679	13.134766	240.000000	255.997233	-1.032617
12.890625	0.345679	13.159180	277.000000	255.492453	1.292263
12.915039	-0.654321	13.183594	247.000000	254.234680	-0.460332
12.939453	-2.654321	13.208008	277.000000	253.171377	1.431723
12.963867	-1.654321	13.232422	254.000000	251.735223	0.142105
12.988281	-2.654321	13.256836	224.000000	250.305526	-1.757612
13.012695	0.345679	13.281250	266.000000	249.071072	1.037979
13.037109	-0.654321	13.305664	261.000000	247.842169	0.814449
13.061523	-0.654321	13.330078	238.000000	247.185238	-0.595391
13.085937	-1.654321	13.354492	253.000000	246.342444	0.418557
13.110352	2.345679	13.378906	264.000000	246.069888	1.103522
13.134766	-1.654321	13.403320	280.000000	244.665661	2.111631
13.159180	3.345679	13.427734	255.000000	243.267748	0.734702
13.183594	-0.654321	13.452148	249.000000	242.253751	0.427526
13.208008	0.345679	13.476562	270.000000	240.866681	1.772997
13.232422	-1.654321	13.500977	232.000000	240.241111	-0.541055
13.256836	-1.654321	13.525391	232.000000	239.051906	-0.462980
13.281250	-0.654321	13.549805	269.000000	237.679231	1.909661
13.305664	-0.654321	13.574219	239.000000	237.067992	0.124971
13.330078	2.345679	13.598633	250.000000	236.459500	0.856376
13.354492	1.345679	13.623047	262.000000	235.476113	1.638651
13.378906	4.345679	13.647461	233.000000	234.685962	-0.110451
13.403320	-1.654321	13.671875	272.000000	233.899364	2.310190
13.427734	-1.654321	13.696289	246.000000	232.738670	0.845511
13.452148	0.345679	13.720703	244.000000	231.960827	0.770729
13.476562	-1.654321	13.745117	203.000000	230.997665	-1.965051
13.500977	2.345679	13.769531	239.000000	230.416465	0.555223
13.525391	-0.654321	13.793945	224.000000	229.460246	-0.364828
13.549805	-1.654321	13.818359	258.000000	229.074774	1.800806
13.574219	2.345679	13.842773	248.000000	228.502219	1.238110
13.598633	2.345679	13.867187	219.000000	227.932238	-0.603585
13.623047	0.345679	13.891602	240.000000	226.609556	0.864349
13.647461	1.345679	13.916016	232.000000	225.859269	0.403159
13.671875	1.345679	13.940430	234.000000	225.112354	0.581004
13.696289	-0.654321	13.964844	237.000000	224.179982	0.832750
13.720703	1.345679	13.989258	281.000000	222.685354	3.478760
13.745117	0.345679	14.013672	240.000000	222.141525	1.152760
13.769531	2.345679	14.038086	225.000000	220.844877	0.277008
13.793945	0.345679	14.062500	242.000000	219.742875	1.430742
13.818359	3.345679	14.086914	216.000000	219.023459	-0.205720
13.842773	2.345679	14.111328	224.000000	218.307278	0.380361
13.867187	2.345679	14.135742	218.000000	217.405501	0.040265
13.891602	-1.654321	14.160156	210.000000	216.885409	-0.475138
13.916016	1.345679	14.184570	220.000000	215.990024	0.270352
13.940430	1.345679	14.208984	226.000000	215.098665	0.725146
13.964844	0.345679	14.233398	187.000000	214.022497	-1.976081
13.989258	-2.654321	14.257812	201.000000	213.328800	-0.869606
14.013672	2.345679	14.282227	240.000000	212.827037	1.754007
14.038086	-1.654321	14.306641	205.000000	212.327530	-0.511777
14.062500	-0.654321	14.331055	203.000000	211.075005	-0.566754
14.086914	1.345679	14.355469	222.000000	210.205743	0.791579
14.111328	1.345679	14.379883	250.000000	209.275119	2.575668
14.135742	0.345679	14.404297	219.000000	208.348679	0.719750
14.160156	2.345679	14.428711	222.000000	207.426405	0.978116
14.184570	0.345679	14.453125	201.000000	206.508277	-0.388524
14.208984	0.345679	14.477539	199.000000	205.594277	-0.467456
14.233398	-0.654321	14.501953	192.000000	204.684386	-0.915417
14.257812	1.345679	14.526367	190.000000	203.778585	-0.999604
14.282227	2.345679	14.550781	227.000000	202.876858	1.601109
14.306641	2.345679	14.575195	207.000000	201.979184	0.348971
14.331055	-1.654321	14.599609	204.000000	201.085546	0.204053
14.355469	0.345679	14.624023	221.000000	200.195926	1.399433
14.648437	231.000000	199.310305	2.085029
14.672852	189.000000	198.428666	-0.685835
14.697266	209.000000	197.550991	0.791945
14.721680	170.000000	196.677261	-2.046053
14.746094	200.000000	195.807460	0.296457
14.770508	182.000000	194.941570	-0.959293
14.794922	213.000000	194.079572	1.296406
14.819336	187.000000	193.221450	-0.454957
14.843750	216.000000	192.367185	1.608009
14.868164	225.000000	191.516762	2.232216
14.892578	191.000000	190.670162	0.023866
14.916992	195.000000	189.827368	0.370420
14.941406	198.000000	188.988363	0.640429
14.965820	200.000000	188.153130	0.837700
14.990234	188.000000	187.321652	0.049474
15.014648	187.000000	186.493913	0.037009
15.039062	193.000000	185.669895	0.527633
15.063477	210.000000	184.849582	1.735544
15.087891	182.000000	184.032956	-0.150693
15.112305	203.000000	183.220002	1.388284
15.136719	184.000000	182.410703	0.117164
15.161133	187.000000	181.605043	0.394518
15.185547	191.000000	180.803005	0.737829
15.209961	205.000000	180.004572	1.745756
15.234375	175.000000	179.209730	-0.318226
15.258789	202.000000	178.418460	1.659191
15.283203	167.000000	177.630749	-0.822632
15.307617	188.000000	176.846578	0.813447
15.332031	190.000000	176.065934	1.010883
15.356445	180.000000	175.288799	0.351152
15.380859	193.000000	174.515157	1.330568
15.405273	172.000000	173.744994	-0.133055
15.429687	180.000000	172.978294	0.523367
15.454102	192.000000	172.215041	1.427856
15.478516	170.000000	171.455219	-0.111610
15.502930	190.000000	170.698813	1.400255
15.527344	196.000000	169.945808	1.861014
15.551758	173.000000	169.196188	0.289198
15.576172	190.000000	168.449938	1.563406
15.600586	177.000000	167.707044	0.698501
15.625000	156.000000	166.967489	-0.878102
15.649414	187.000000	166.231260	1.518761
15.673828	182.000000	165.498340	1.223184
15.698242	191.000000	164.768716	1.898029
15.722656	172.000000	164.042372	0.606763
15.747070	197.000000	163.319293	2.399651
15.771484	161.000000	162.599465	-0.126056
15.795898	184.000000	161.882874	1.630496
15.820312	166.000000	161.169504	0.374919
15.844727	151.000000	160.459342	-0.769790
15.869141	190.000000	159.752372	2.194394
15.893555	190.000000	159.048581	2.245452
15.917969	154.000000	158.347954	-0.350368
15.942383	177.000000	157.650476	1.454399
15.966797	177.000000	156.956135	1.506589
15.991211	169.000000	156.264915	0.979622
16.015625	169.000000	155.576803	1.032554
16.040039	185.000000	154.891785	2.213600
16.064453	159.000000	154.209846	0.379884
16.088867	196.000000	153.530973	3.033502
16.113281	168.000000	152.855153	1.168450
16.137695	144.000000	152.182371	-0.681864
16.162109	164.000000	151.512613	0.975101
16.186523	148.000000	150.845867	-0.233929
16.210937	172.000000	150.182118	1.663598
16.235352	133.000000	149.521354	-1.432583
16.259766	165.000000	148.863560	1.256220
16.284180	159.000000	148.208723	0.855804
16.308594	161.000000	147.556831	1.059470
16.333008	144.000000	146.907869	-0.242322
16.357422	158.000000	146.261826	0.933839
16.381836	166.000000	145.618686	1.581897
16.406250	161.000000	144.978438	1.262676
16.430664	156.000000	144.341069	0.933462
16.455078	169.000000	143.706565	1.945649
16.479492	148.000000	143.074914	0.404840
16.503906	152.000000	142.446102	0.774923
16.528320	158.000000	141.820118	1.287202
16.552734	167.000000	141.196948	1.996700
16.577148	139.000000	140.576580	-0.133724
16.601562	156.000000	139.959001	1.284308
16.625977	146.000000	139.344198	0.550838
16.650391	156.000000	138.732159	1.382534
16.674805	160.000000	138.122872	1.729539
16.699219	150.000000	137.516325	1.019288
16.723633	151.000000	136.912504	1.146424
16.748047	157.000000	136.311398	1.651130
16.772461	141.000000	135.712995	0.445246
16.796875	126.000000	135.117282	-0.812232
16.821289	137.000000	134.524247	0.211518
16.845703	148.000000	133.933878	1.156228
16.870117	144.000000	133.346164	0.887820
16.894531	151.000000	132.761092	1.484261
16.918945	147.000000	132.178650	1.222444
16.943359	147.000000	131.598827	1.270267
16.967773	149.000000	131.021611	1.472847
16.992187	153.000000	130.446989	1.823303
17.016602	148.000000	129.874952	1.489870
17.041016	136.000000	129.305486	0.574050
17.065430	137.000000	128.738580	0.705821
17.089844	127.000000	128.174223	-0.104195
17.114258	132.000000	127.612403	0.381891
17.138672	145.000000	127.053110	1.490408
17.163086	124.000000	126.496330	-0.224177
17.187500	144.000000	125.942054	1.504829
17.211914	114.000000	125.390270	-1.066797
17.236328	135.000000	124.840967	0.874350
17.260742	145.000000	124.294133	1.719529
17.285156	129.000000	123.749758	0.462258
17.309570	165.000000	123.207830	3.253516
17.333984	128.000000	122.668339	0.471257
17.358398	137.000000	122.131273	1.270321
17.382812	141.000000	121.596621	1.634059
17.407227	120.000000	121.064374	-0.097164
17.431641	148.000000	120.534519	2.257649
17.456055	146.000000	120.007047	2.151192
17.480469	141.000000	119.481946	1.812147
17.504883	144.000000	118.959205	2.086733
17.529297	129.000000	118.438815	0.929860
17.553711	124.000000	117.920765	0.545931
17.578125	91.000000	117.405044	-2.768001
17.602539	146.000000	116.891641	2.409025
17.626953	111.000000	116.380546	-0.510699
17.651367	139.000000	115.871750	1.961713
17.675781	109.000000	115.365240	-0.609679
17.700195	121.000000	114.861008	0.558090
17.724609	126.000000	114.359043	1.037059
17.749023	127.000000	113.859335	1.166045
17.773437	129.000000	113.361873	1.376860
17.797852	131.000000	112.866648	1.584318
17.822266	146.000000	112.373650	2.782937
17.846680	124.000000	111.882867	1.088151
17.871094	113.000000	111.394292	0.151052
17.895508	113.000000	110.907913	0.196807
17.919922	127.000000	110.423720	1.470907
17.944336	134.000000	109.941705	2.078320
17.968750	127.000000	109.461856	1.556259
17.993164	131.000000	108.984165	1.923532
18.017578	125.000000	108.508622	1.475034
18.041992	115.000000	108.035216	0.649469
18.066406	112.000000	107.563939	0.419168
18.090820	141.000000	107.094781	2.855335
18.115234	117.000000	106.627732	0.958917
18.139648	110.000000	106.162783	0.365864
18.164062	111.000000	105.699924	0.503061
18.188477	116.000000	105.239146	0.999120
18.212891	118.000000	104.780439	1.216959
18.237305	120.000000	104.323795	1.431035
18.261719	99.000000	103.869204	-0.489373
18.286133	94.000000	103.416657	-0.971254
18.310547	110.000000	102.966145	0.670652
18.334961	116.000000	102.517657	1.251804
18.359375	117.000000	102.071187	1.380169
18.383789	91.000000	101.626723	-1.113983
18.408203	114.000000	101.184258	1.200304
18.432617	95.000000	100.743782	-0.589300
18.457031	112.000000	100.305286	1.105047
18.481445	112.000000	99.868762	1.146294
18.505859	106.000000	99.434200	0.637727
18.530273	110.000000	99.001592	1.048657
18.554687	111.000000	98.570929	1.179715
18.579102	114.000000	98.142202	1.485219
18.603516	118.000000	97.715403	1.867349
18.627930	105.000000	97.290523	0.752368
18.652344	98.000000	96.867552	0.114394
18.676758	121.000000	96.446484	2.232138
18.701172	98.000000	96.027308	0.199272
18.725586	120.000000	95.610017	2.226491
18.750000	99.000000	95.194602	0.382457
18.774414	108.000000	94.781055	1.271994
18.798828	100.000000	94.369367	0.563063
18.823242	92.000000	93.959530	-0.204295
18.847656	107.000000	93.551535	1.300112
18.872070	99.000000	93.145375	0.588412
18.896484	115.000000	92.741041	2.075659
18.920898	110.000000	92.338525	1.683956
18.945312	92.000000	91.937818	0.006483
18.969727	112.000000	91.538913	1.933391
18.994141	103.000000	91.141801	1.168423
19.018555	98.000000	90.746475	0.732717
19.042969	111.000000	90.352926	1.959734
19.067383	84.000000	89.961146	-0.650414
19.091797	116.000000	89.571128	2.453859
19.116211	92.000000	89.182863	0.293707
19.140625	106.000000	88.796344	1.670967
19.165039	116.000000	88.411563	2.561522
19.189453	104.000000	88.028511	1.566133
19.213867	115.000000	87.647182	2.550663
19.238281	92.000000	87.267567	0.493390
19.262695	116.000000	86.889659	2.702827
19.287109	91.000000	86.513449	0.470318
19.311523	103.000000	86.138932	1.661370
19.335937	88.000000	85.766098	0.238135
19.360352	100.000000	85.394940	1.460506
19.384766	93.000000	85.025451	0.826922
19.409180	104.000000	84.657623	1.896676
19.433594	96.000000	84.291448	1.194999
19.458008	116.000000	83.926920	2.977911
19.482422	84.000000	83.564031	0.047568
19.506836	91.000000	83.202774	0.817371
19.531250	96.000000	82.843140	1.342816
19.555664	87.000000	82.485124	0.484046
19.580078	95.000000	82.128717	1.320566
19.604492	91.000000	81.773912	0.967157
19.628906	101.000000	81.420703	1.948213
19.653320	79.000000	81.069081	-0.232790
19.677734	106.000000	80.719041	2.455504
19.702148	102.000000	80.370574	2.141632
19.726562	110.000000	80.023674	2.858131
19.750977	74.000000	79.678333	-0.660093
19.775391	89.000000	79.334545	1.024536
19.799805	88.000000	78.992303	0.960224
19.824219	92.000000	78.651599	1.391667
19.848633	82.000000	78.312427	0.407224
19.873047	95.000000	77.974780	1.746751
19.897461	90.000000	77.638651	1.303001
19.921875	100.000000	77.304034	2.269597
19.946289	79.000000	76.970920	0.228289
19.970703	76.000000	76.639305	-0.073333
19.995117	80.000000	76.309180	0.412646
20.019531	86.000000	75.980539	1.080426
20.043945	87.000000	75.653376	1.216486
20.068359	95.000000	75.327684	2.018337
20.092773	89.000000	75.003456	1.483631
20.117187	80.000000	74.680685	0.594717
20.141602	85.000000	74.359366	1.154139
20.166016	82.000000	74.039492	0.879091
20.190430	89.000000	73.721055	1.619565
20.214844	85.000000	73.404051	1.257757
20.239258	88.000000	73.088471	1.589574
20.263672	87.000000	72.774310	1.525154
20.288086	80.000000	72.461562	0.842823
20.312500	89.000000	72.150220	1.786073
20.336914	77.000000	71.840278	0.588005
20.361328	87.000000	71.531729	1.658373
20.385742	86.000000	71.224567	1.593276
20.410156	76.000000	70.918786	0.582855
20.434570	72.000000	70.614380	0.163297
20.458984	87.000000	70.311342	1.789212
20.483398	95.000000	70.009667	2.563954
20.507812	87.000000	69.709348	1.853752
20.532227	93.000000	69.410380	2.446130
20.556641	78.000000	69.112755	1.006282
20.581055	80.000000	68.816469	1.250357
20.605469	71.000000	68.521515	0.294142
20.629883	87.000000	68.227887	2.012582
20.654297	74.000000	67.935578	0.704975
20.678711	73.000000	67.644584	0.626804
20.703125	96.000000	67.354899	2.923578
20.727539	86.000000	67.066516	2.041650
20.751953	78.000000	66.779429	1.270480
20.776367	58.000000	66.493633	-1.115269
20.800781	65.000000	66.209122	-0.149973
20.825195	78.000000	65.925890	1.367124
20.849609	77.000000	65.643931	1.294144
20.874023	100.000000	65.363240	3.463676
20.898437	67.000000	65.083811	0.234100
20.922852	67.000000	64.805638	0.268084
20.947266	55.000000	64.528716	-1.284852
20.971680	64.000000	64.253039	-0.031630
20.996094	84.000000	63.971598	2.185278
21.020508	78.000000	63.707036	1.618360
21.044922	90.000000	63.433254	2.800381
21.069336	66.000000	63.129476	0.353337
21.093750	76.000000	62.853086	1.508054
21.118164	82.000000	62.577939	2.144808
21.142578	77.000000	62.309234	1.674168
21.166992	64.000000	62.026123	0.246735
21.191406	79.000000	61.759898	1.939663
21.215820	94.000000	61.489666	3.353185
21.240234	81.000000	61.231057	2.196549
