Name des Datensatzes:	BLOCK 2
Wiederholrate [ns]:	19.604
Zeit Shift [ns] (fest):	0.000
Offset (fest):	3.211

Komponente 1
tau [ns]:	5.378830
A:	1.057746
%:	100.000000
f:	1.000000

t_irf	irf	t	daten	fit	res
[ns]	counts (offset korrigiert)	[ns]			counts 
1.391602	1.345679	1.660156	390.000000	326.611114	3.209821
1.416016	-1.654321	1.684570	362.000000	326.644369	1.858251
1.440430	0.345679	1.708984	362.000000	327.393349	1.818885
1.464844	6.345679	1.733398	360.000000	325.111380	1.838792
1.489258	1.345679	1.757812	315.000000	326.219275	-0.632135
1.513672	1.345679	1.782227	388.000000	328.390001	3.026239
1.538086	0.345679	1.806641	342.000000	326.279505	0.850067
1.562500	3.345679	1.831055	355.000000	330.409668	1.305119
1.586914	0.345679	1.855469	371.000000	330.425721	2.106512
1.611328	1.345679	1.879883	313.000000	325.818337	-0.724535
1.635742	-0.654321	1.904297	389.000000	323.191527	3.336622
1.660156	-1.654321	1.928711	379.000000	323.240269	2.864185
1.684570	1.345679	1.953125	363.000000	320.801121	2.214867
1.708984	2.345679	1.977539	337.000000	318.549005	1.005090
1.733398	-0.654321	2.001953	363.000000	316.835048	2.423032
1.757812	2.345679	2.026367	351.000000	313.357059	2.009232
1.782227	3.345679	2.050781	352.000000	315.586033	1.940871
1.806641	-0.654321	2.075195	346.000000	316.385092	1.592107
1.831055	5.345679	2.099609	353.000000	318.600354	1.830908
1.855469	1.345679	2.124023	331.000000	316.534191	0.795113
1.879883	-2.654321	2.148437	356.000000	313.057564	2.275945
1.904297	-0.654321	2.172852	358.000000	308.880807	2.596030
1.928711	1.345679	2.197266	365.000000	306.682674	3.052468
1.953125	-0.654321	2.221680	374.000000	313.389253	3.134107
1.977539	-0.654321	2.246094	297.000000	312.062564	-0.874019
2.001953	-0.654321	2.270508	335.000000	311.985718	1.257405
2.026367	-1.654321	2.294922	339.000000	310.301484	1.558689
2.050781	3.345679	2.319336	354.000000	308.800863	2.402307
2.075195	2.345679	2.343750	335.000000	309.442735	1.396343
2.099609	3.345679	2.368164	351.000000	307.242057	2.335626
2.124023	-0.654321	2.392578	324.000000	306.119193	0.993378
2.148437	-1.654321	2.416992	329.000000	304.637513	1.343147
2.172852	-2.654321	2.441406	329.000000	301.566735	1.512445
2.197266	-0.654321	2.465820	327.000000	302.781255	1.339300
2.221680	7.345679	2.490234	355.000000	305.234110	2.641299
2.246094	0.345679	2.514648	314.000000	312.839110	0.065513
2.270508	1.345679	2.539062	351.000000	317.382112	1.794390
2.294922	-0.654321	2.563477	330.000000	327.419767	0.142037
2.319336	-0.654321	2.587891	364.000000	337.775867	1.374518
2.343750	1.345679	2.612305	352.000000	346.477332	0.294359
2.368164	-0.654321	2.636719	377.000000	359.058810	0.924018
2.392578	0.345679	2.661133	392.000000	384.573473	0.375096
2.416992	-0.654321	2.685547	421.000000	402.673640	0.893172
2.441406	-1.654321	2.709961	439.000000	460.202213	-1.011926
2.465820	2.345679	2.734375	533.000000	566.955168	-1.470762
2.490234	3.345679	2.758789	674.000000	765.587563	-3.527821
2.514648	8.345679	2.783203	932.000000	999.451270	-2.209440
2.539062	5.345679	2.807617	1278.000000	1334.945284	-1.592914
2.563477	10.345679	2.832031	1707.000000	1767.161983	-1.456148
2.587891	11.345679	2.856445	2293.000000	2247.258212	0.955237
2.612305	9.345679	2.880859	2761.000000	2781.412303	-0.388471
2.636719	13.345679	2.905273	3517.000000	3328.637167	3.176209
2.661133	25.345679	2.929687	3982.000000	3867.152750	1.819994
2.685547	18.345679	2.954102	4635.000000	4338.982730	4.348026
2.709961	55.345679	2.978516	5335.000000	4788.034882	7.488458
2.734375	102.345679	3.002930	5774.000000	5190.731787	7.675911
2.758789	188.345679	3.027344	6191.000000	5596.592293	7.554471
2.783203	222.345679	3.051758	6462.000000	5904.860463	6.930754
2.807617	318.345679	3.076172	6627.000000	6183.968553	5.442220
2.832031	410.345679	3.100586	6985.000000	6402.013179	6.975503
2.856445	457.345679	3.125000	6951.000000	6567.637673	4.598178
2.880859	509.345679	3.149414	7269.000000	6708.667486	6.572165
2.905273	524.345679	3.173828	7260.000000	6802.249304	5.372306
2.929687	518.345679	3.198242	7269.000000	6864.263746	4.747170
2.954102	458.345679	3.222656	7450.000000	6928.661004	6.040071
2.978516	439.345679	3.247070	7394.000000	6958.419508	5.065574
3.002930	397.345679	3.271484	7407.000000	6982.704008	4.930010
3.027344	402.345679	3.295898	7264.000000	6994.956218	3.156713
3.051758	312.345679	3.320312	7356.000000	7012.128280	4.009365
3.076172	286.345679	3.344727	7374.000000	7019.975846	4.122696
3.100586	230.345679	3.369141	7389.000000	7017.989327	4.316121
3.125000	182.345679	3.393555	7450.000000	7018.511401	4.999093
3.149414	160.345679	3.417969	7294.000000	7021.342794	3.192523
3.173828	116.345679	3.442383	7410.000000	7005.655976	4.697231
3.198242	87.345679	3.466797	7336.000000	7001.786525	3.902063
3.222656	89.345679	3.491211	7446.000000	7004.517672	5.116251
3.247070	57.345679	3.515625	7294.000000	6997.625820	3.470224
3.271484	52.345679	3.540039	7234.000000	6985.953897	2.916374
3.295898	41.345679	3.564453	7195.000000	6979.498085	2.540597
3.320312	45.345679	3.588867	7086.000000	6965.056686	1.436750
3.344727	37.345679	3.613281	7120.000000	6952.828311	1.981175
3.369141	27.345679	3.637695	7090.000000	6944.926705	1.722917
3.393555	30.345679	3.662109	7185.000000	6927.802225	3.034267
3.417969	32.345679	3.686523	7193.000000	6908.267626	3.357236
3.442383	15.345679	3.710937	7101.000000	6894.864678	2.446204
3.466797	26.345679	3.735352	7011.000000	6876.723075	1.603657
3.491211	32.345679	3.759766	6980.000000	6857.419795	1.467211
3.515625	23.345679	3.784180	6999.000000	6845.314965	1.837019
3.540039	18.345679	3.808594	6991.000000	6823.654323	2.001450
3.564453	23.345679	3.833008	6818.000000	6814.553976	0.041734
3.588867	15.345679	3.857422	7055.000000	6793.924500	3.108262
3.613281	18.345679	3.881836	6863.000000	6778.727687	1.017251
3.637695	22.345679	3.906250	6834.000000	6755.772787	0.946282
3.662109	13.345679	3.930664	6938.000000	6735.409509	2.432215
3.686523	11.345679	3.955078	6785.000000	6720.301703	0.785449
3.710937	16.345679	3.979492	6740.000000	6696.003655	0.535904
3.735352	12.345679	4.003906	6803.000000	6677.870759	1.517080
3.759766	11.345679	4.028320	6794.000000	6663.551484	1.582619
3.784180	17.345679	4.052734	6818.000000	6655.528157	1.967658
3.808594	8.345679	4.077148	6637.000000	6640.066229	-0.037637
3.833008	20.345679	4.101562	6641.000000	6622.902528	0.222076
3.857422	9.345679	4.125977	6654.000000	6610.615907	0.531850
3.881836	14.345679	4.150391	6653.000000	6593.045687	0.735041
3.906250	7.345679	4.174805	6747.000000	6575.379050	2.089368
3.930664	9.345679	4.199219	6602.000000	6556.196611	0.563715
3.955078	14.345679	4.223633	6703.000000	6536.913127	2.028620
3.979492	5.345679	4.248047	6460.000000	6513.809481	-0.669488
4.003906	11.345679	4.272461	6445.000000	6493.122145	-0.599423
4.028320	14.345679	4.296875	6472.000000	6470.744771	0.015603
4.052734	20.345679	4.321289	6421.000000	6451.672281	-0.382776
4.077148	13.345679	4.345703	6372.000000	6432.510176	-0.758037
4.101562	12.345679	4.370117	6459.000000	6412.718974	0.575865
4.125977	16.345679	4.394531	6237.000000	6390.529730	-1.944037
4.150391	11.345679	4.418945	6274.000000	6367.373125	-1.178826
4.174805	11.345679	4.443359	6365.000000	6344.145402	0.261398
4.199219	10.345679	4.467773	6253.000000	6322.442689	-0.878178
4.223633	9.345679	4.492187	6194.000000	6299.946399	-1.346172
4.248047	6.345679	4.516602	6299.000000	6287.162617	0.149149
4.272461	8.345679	4.541016	6154.000000	6263.054303	-1.390158
4.296875	6.345679	4.565430	6211.000000	6244.746379	-0.428200
4.321289	9.345679	4.589844	6127.000000	6221.121291	-1.202441
4.345703	9.345679	4.614258	6173.000000	6195.467496	-0.285961
4.370117	8.345679	4.638672	6084.000000	6174.201269	-1.156427
4.394531	6.345679	4.663086	5948.000000	6148.759957	-2.603105
4.418945	5.345679	4.687500	6118.000000	6128.773100	-0.137732
4.443359	5.345679	4.711914	5963.000000	6108.876756	-1.889095
4.467773	6.345679	4.736328	5895.000000	6090.138362	-2.541562
4.492187	5.345679	4.760742	5886.000000	6069.349133	-2.389839
4.516602	14.345679	4.785156	5877.000000	6046.518354	-2.211255
4.541016	4.345679	4.809570	5911.000000	6026.994511	-1.508714
4.565430	9.345679	4.833984	5821.000000	6005.423388	-2.417226
4.589844	4.345679	4.858398	5896.000000	5985.017801	-1.159306
4.614258	2.345679	4.882812	5803.000000	5961.501080	-2.080683
4.638672	6.345679	4.907227	5786.000000	5944.497945	-2.083696
4.663086	2.345679	4.931641	5738.000000	5922.232571	-2.432126
4.687500	7.345679	4.956055	5760.000000	5899.000180	-1.831488
4.711914	7.345679	4.980469	5631.000000	5875.873001	-3.263233
4.736328	8.345679	5.004883	5722.000000	5850.714860	-1.701589
4.760742	6.345679	5.029297	5565.000000	5825.670651	-3.494295
4.785156	4.345679	5.053711	5615.000000	5803.943402	-2.521488
4.809570	7.345679	5.078125	5468.000000	5784.450244	-4.279482
4.833984	5.345679	5.102539	5471.000000	5756.502579	-3.859906
4.858398	6.345679	5.126953	5511.000000	5742.563503	-3.119284
4.882812	3.345679	5.151367	5601.000000	5722.280463	-1.620534
4.907227	9.345679	5.175781	5683.000000	5699.953582	-0.224891
4.931641	4.345679	5.200195	5530.000000	5674.524268	-1.943472
4.956055	3.345679	5.224609	5357.000000	5654.549353	-4.065352
4.980469	3.345679	5.249023	5395.000000	5629.325658	-3.190246
5.004883	1.345679	5.273437	5347.000000	5607.419735	-3.561384
5.029297	1.345679	5.297852	5430.000000	5584.545168	-2.097276
5.053711	4.345679	5.322266	5116.000000	5562.842039	-6.247248
5.078125	6.345679	5.346680	5347.000000	5543.372892	-2.685508
5.102539	-1.654321	5.371094	5223.000000	5523.991914	-4.164806
5.126953	11.345679	5.395508	5266.000000	5501.495160	-3.245201
5.151367	5.345679	5.419922	5307.000000	5482.303831	-2.406395
5.175781	3.345679	5.444336	5366.000000	5457.860172	-1.254013
5.200195	0.345679	5.468750	5266.000000	5436.730753	-2.352726
5.224609	5.345679	5.493164	5177.000000	5414.629173	-3.302636
5.249023	0.345679	5.517578	5260.000000	5389.424140	-1.784524
5.273437	3.345679	5.541992	5119.000000	5368.604643	-3.488672
5.297852	2.345679	5.566406	5063.000000	5350.015125	-4.033674
5.322266	3.345679	5.590820	5184.000000	5328.306249	-2.004253
5.346680	5.345679	5.615234	4974.000000	5303.492140	-4.671885
5.371094	5.345679	5.639648	5097.000000	5280.926101	-2.576238
5.395508	2.345679	5.664062	5044.000000	5258.462255	-3.019697
5.419922	5.345679	5.688477	5168.000000	5240.371532	-1.006715
5.444336	0.345679	5.712891	4976.000000	5219.159191	-3.447073
5.468750	3.345679	5.737305	4965.000000	5199.110761	-3.322475
5.493164	2.345679	5.761719	4953.000000	5183.424515	-3.274119
5.517578	-0.654321	5.786133	4933.000000	5159.266522	-3.221549
5.541992	3.345679	5.810547	4940.000000	5137.353628	-2.807900
5.566406	5.345679	5.834961	4913.000000	5118.743513	-2.935302
5.590820	2.345679	5.859375	4905.000000	5098.081980	-2.756908
5.615234	-0.654321	5.883789	4877.000000	5076.446168	-2.855942
5.639648	1.345679	5.908203	4762.000000	5054.908337	-4.244603
5.664062	1.345679	5.932617	4939.000000	5036.671586	-1.389789
5.688477	5.345679	5.957031	4808.000000	5015.313879	-2.989828
5.712891	2.345679	5.981445	4715.000000	4994.052894	-4.063925
5.737305	3.345679	6.005859	4861.000000	4975.023887	-1.635434
5.761719	7.345679	6.030273	4652.000000	4950.741816	-4.380021
5.786133	-0.654321	6.054687	4731.000000	4931.908949	-2.920941
5.810547	1.345679	6.079102	4836.000000	4908.889978	-1.048153
5.834961	4.345679	6.103516	4777.000000	4892.382338	-1.669405
5.859375	2.345679	6.127930	4642.000000	4878.085152	-3.465103
5.883789	1.345679	6.152344	4730.000000	4859.581321	-1.884134
5.908203	1.345679	6.176758	4562.000000	4839.025590	-4.101496
5.932617	4.345679	6.201172	4684.000000	4816.427253	-1.934946
5.957031	1.345679	6.225586	4634.000000	4793.931256	-2.349391
5.981445	1.345679	6.250000	4597.000000	4772.604982	-2.589999
6.005859	3.345679	6.274414	4625.000000	4754.578831	-1.905365
6.030273	-1.654321	6.298828	4598.000000	4735.566467	-2.028748
6.054687	3.345679	6.323242	4646.000000	4716.640202	-1.036364
6.079102	-0.654321	6.347656	4444.000000	4695.663951	-3.775148
6.103516	5.345679	6.372070	4386.000000	4673.714846	-4.344382
6.127930	7.345679	6.396484	4450.000000	4652.932988	-3.042094
6.152344	3.345679	6.420898	4459.000000	4631.177396	-2.578442
6.176758	1.345679	6.445312	4596.000000	4613.791719	-0.262439
6.201172	-0.654321	6.469727	4551.000000	4594.349079	-0.642579
6.225586	-0.654321	6.494141	4404.000000	4578.198031	-2.624941
6.250000	0.345679	6.518555	4416.000000	4557.848734	-2.134573
6.274414	3.345679	6.542969	4283.000000	4535.455896	-3.857549
6.298828	2.345679	6.567383	4272.000000	4515.300162	-3.722432
6.323242	2.345679	6.591797	4241.000000	4496.303554	-3.920331
6.347656	0.345679	6.616211	4339.000000	4477.392975	-2.100967
6.372070	-0.654321	6.640625	4286.000000	4457.500186	-2.619621
6.396484	0.345679	6.665039	4328.000000	4437.697485	-1.667451
6.420898	-0.654321	6.689453	4239.000000	4419.052311	-2.765458
6.445312	3.345679	6.713867	4224.000000	4398.355878	-2.682716
6.469727	1.345679	6.738281	4303.000000	4377.753172	-1.139578
6.494141	4.345679	6.762695	4298.000000	4358.311616	-0.919957
6.518555	0.345679	6.787109	4132.000000	4341.093799	-3.252827
6.542969	-1.654321	6.811523	4293.000000	4321.818260	-0.439832
6.567383	0.345679	6.835937	4028.000000	4301.562164	-4.310338
6.591797	1.345679	6.860352	4193.000000	4286.737040	-1.447601
6.616211	1.345679	6.884766	4110.000000	4265.571967	-2.426668
6.640625	0.345679	6.909180	4014.000000	4245.570590	-3.655062
6.665039	0.345679	6.933594	4239.000000	4226.727640	0.188494
6.689453	1.345679	6.958008	4093.000000	4209.037870	-1.813756
6.713867	-0.654321	6.982422	4060.000000	4187.156820	-1.995614
6.738281	-0.654321	7.006836	4081.000000	4169.646252	-1.387641
6.762695	0.345679	7.031250	4009.000000	4150.079287	-2.228154
6.787109	2.345679	7.055664	4016.000000	4134.872326	-1.875789
6.811523	0.345679	7.080078	4076.000000	4119.734231	-0.685022
6.835937	-0.654321	7.104492	4044.000000	4100.393300	-0.886792
6.860352	4.345679	7.128906	3883.000000	4083.275652	-3.213990
6.884766	-1.654321	7.153320	4003.000000	4064.099828	-0.965711
6.909180	-0.654321	7.177734	4003.000000	4045.010844	-0.664001
6.933594	0.345679	7.202148	4042.000000	4027.076155	0.234738
6.958008	1.345679	7.226562	3827.000000	4014.561925	-3.031904
6.982422	-2.654321	7.250977	3811.000000	3997.832976	-3.026454
7.006836	1.345679	7.275391	3870.000000	3977.976243	-1.735692
7.031250	-0.654321	7.299805	3924.000000	3961.412977	-0.597252
7.055664	3.345679	7.324219	3854.000000	3942.789024	-1.430222
7.080078	3.345679	7.348633	3810.000000	3925.317260	-1.868236
7.104492	-0.654321	7.373047	3742.000000	3906.856771	-2.694976
7.128906	1.345679	7.397461	3824.000000	3888.479883	-1.042714
7.153320	-0.654321	7.421875	3884.000000	3872.321913	0.187384
7.177734	-0.654321	7.446289	3756.000000	3859.440660	-1.687829
7.202148	0.345679	7.470703	3729.000000	3844.482046	-1.891116
7.226562	5.345679	7.495117	3817.000000	3828.523326	-0.186516
7.250977	1.345679	7.519531	3681.000000	3812.636877	-2.169675
7.275391	-1.654321	7.543945	3794.000000	3796.822372	-0.045821
7.299805	1.345679	7.568359	3715.000000	3782.147334	-1.101665
7.324219	-0.654321	7.592773	3816.000000	3767.538752	0.784495
7.348633	0.345679	7.617187	3622.000000	3748.724936	-2.105658
7.373047	-0.654321	7.641602	3720.000000	3731.064169	-0.181404
7.397461	-0.654321	7.666016	3710.000000	3714.551229	-0.074721
7.421875	1.345679	7.690430	3604.000000	3695.977374	-1.532105
7.446289	4.345679	7.714844	3645.000000	3679.623329	-0.573482
7.470703	2.345679	7.739258	3663.000000	3666.546889	-0.058604
7.495117	1.345679	7.763672	3551.000000	3649.258276	-1.648898
7.519531	1.345679	7.788086	3525.000000	3634.183653	-1.838984
7.543945	1.345679	7.812500	3631.000000	3617.041601	0.231645
7.568359	2.345679	7.836914	3693.000000	3602.112875	1.495591
7.592773	2.345679	7.861328	3529.000000	3585.116059	-0.944629
7.617187	-1.654321	7.885742	3543.000000	3570.331912	-0.459182
7.641602	-0.654321	7.910156	3454.000000	3552.411173	-1.674493
7.666016	0.345679	7.934570	3428.000000	3538.842983	-1.893162
7.690430	-1.654321	7.958984	3510.000000	3524.268389	-0.240836
7.714844	0.345679	7.983398	3516.000000	3508.691951	0.123247
7.739258	3.345679	8.007812	3455.000000	3494.253901	-0.667819
7.763672	-0.654321	8.032227	3396.000000	3479.881235	-1.439398
7.788086	1.345679	8.056641	3430.000000	3464.505809	-0.589176
7.812500	-0.654321	8.081055	3409.000000	3451.335710	-0.725092
7.836914	1.345679	8.105469	3333.000000	3436.089557	-1.785653
7.861328	-0.654321	8.129883	3367.000000	3421.980296	-0.947514
7.885742	1.345679	8.154297	3267.000000	3406.867082	-2.447039
7.910156	-1.654321	8.178711	3375.000000	3393.958007	-0.326329
7.934570	2.345679	8.203125	3349.000000	3380.039545	-0.536362
7.958984	1.345679	8.227539	3275.000000	3361.912722	-1.518720
7.983398	0.345679	8.251953	3295.000000	3349.207228	-0.944342
8.007812	1.345679	8.276367	3269.000000	3334.423577	-1.144266
8.032227	1.345679	8.300781	3242.000000	3320.774724	-1.383504
8.056641	0.345679	8.325195	3218.000000	3307.187682	-1.572215
8.081055	2.345679	8.349609	3266.000000	3290.458626	-0.427980
8.105469	0.345679	8.374023	3282.000000	3278.076722	0.068483
8.129883	1.345679	8.398437	3262.000000	3264.683043	-0.046977
8.154297	0.345679	8.422852	3151.000000	3252.417867	-1.806718
8.178711	2.345679	8.447266	3193.000000	3239.140387	-0.816548
8.203125	1.345679	8.471680	3193.000000	3226.990884	-0.601538
8.227539	-2.654321	8.496094	3259.000000	3212.760706	0.809970
8.251953	2.345679	8.520508	3186.000000	3199.662819	-0.242057
8.276367	0.345679	8.544922	3211.000000	3189.827792	0.373634
8.300781	1.345679	8.569336	3120.000000	3176.833760	-1.017488
8.325195	1.345679	8.593750	3118.000000	3162.830725	-0.802856
8.349609	-1.654321	8.618164	2993.000000	3152.094648	-2.908052
8.374023	2.345679	8.642578	3055.000000	3135.000104	-1.447388
8.398437	1.345679	8.666992	3142.000000	3122.254366	0.352264
8.422852	2.345679	8.691406	3080.000000	3108.498501	-0.513507
8.447266	1.345679	8.715820	2998.000000	3100.144171	-1.865511
8.471680	2.345679	8.740234	2971.000000	3088.624131	-2.157969
8.496094	0.345679	8.764648	3006.000000	3073.952717	-1.239402
8.520508	1.345679	8.789062	3048.000000	3060.415592	-0.224885
8.544922	4.345679	8.813477	3003.000000	3049.075468	-0.840799
8.569336	1.345679	8.837891	3018.000000	3037.786699	-0.360175
8.593750	0.345679	8.862305	3009.000000	3023.345509	-0.261520
8.618164	3.345679	8.886719	2970.000000	3011.105414	-0.754260
8.642578	-2.654321	8.911133	2909.000000	2997.852902	-1.647403
8.666992	1.345679	8.935547	2948.000000	2987.863949	-0.734204
8.691406	0.345679	8.959961	2955.000000	2974.716688	-0.362706
8.715820	5.345679	8.984375	2876.000000	2961.628967	-1.596711
8.740234	2.345679	9.008789	3001.000000	2949.668363	0.937027
8.764648	-0.654321	9.033203	2957.000000	2938.829773	0.334145
8.789062	0.345679	9.057617	2925.000000	2924.836722	0.003019
8.813477	2.345679	9.082031	2828.000000	2914.110585	-1.619261
8.837891	2.345679	9.106445	2891.000000	2900.229478	-0.171654
8.862305	-0.654321	9.130859	2910.000000	2891.750474	0.338302
8.886719	1.345679	9.155273	2772.000000	2880.106324	-2.053310
8.911133	0.345679	9.179687	2876.000000	2869.582754	0.119661
8.935547	3.345679	9.204102	2755.000000	2856.971146	-1.942748
8.959961	0.345679	9.228516	2856.000000	2845.484499	0.196766
8.984375	0.345679	9.252930	2852.000000	2831.914174	0.376110
9.008789	1.345679	9.277344	2795.000000	2820.541001	-0.483111
9.033203	2.345679	9.301758	2788.000000	2806.015789	-0.341198
9.057617	-0.654321	9.326172	2777.000000	2791.556356	-0.276226
9.082031	2.345679	9.350586	2816.000000	2779.298100	0.691627
9.106445	-0.654321	9.375000	2803.000000	2770.298902	0.617662
9.130859	4.345679	9.399414	2704.000000	2758.136913	-1.041094
9.155273	1.345679	9.423828	2807.000000	2747.097850	1.130632
9.179687	2.345679	9.448242	2728.000000	2735.040930	-0.134806
9.204102	0.345679	9.472656	2728.000000	2720.902916	0.135881
9.228516	1.345679	9.497070	2758.000000	2710.032472	0.913377
9.252930	-0.654321	9.521484	2759.000000	2697.075560	1.178925
9.277344	1.345679	9.545898	2699.000000	2684.177325	0.285315
9.301758	-1.654321	9.570312	2673.000000	2670.269654	0.052810
9.326172	-1.654321	9.594727	2644.000000	2660.696357	-0.324707
9.350586	0.345679	9.619141	2654.000000	2649.030718	0.096459
9.375000	3.345679	9.643555	2630.000000	2636.350060	-0.123823
9.399414	0.345679	9.667969	2630.000000	2626.930373	0.059856
9.423828	1.345679	9.692383	2534.000000	2617.553344	-1.659818
9.448242	0.345679	9.716797	2557.000000	2607.150931	-0.991776
9.472656	-1.654321	9.741211	2614.000000	2598.931324	0.294729
9.497070	1.345679	9.765625	2558.000000	2588.613244	-0.605284
9.521484	-0.654321	9.790039	2657.000000	2577.274043	1.546692
9.545898	-0.654321	9.814453	2537.000000	2562.782649	-0.511879
9.570312	-1.654321	9.838867	2524.000000	2552.628273	-0.569837
9.594727	2.345679	9.863281	2553.000000	2540.384187	0.249683
9.619141	0.345679	9.887695	2563.000000	2528.195549	0.687481
9.643555	-0.654321	9.912109	2533.000000	2516.062110	0.336544
9.667969	2.345679	9.936523	2500.000000	2509.322858	-0.186457
9.692383	2.345679	9.960937	2468.000000	2502.614126	-0.696756
9.716797	1.345679	9.985352	2529.000000	2493.800079	0.699950
9.741211	3.345679	10.009766	2535.000000	2483.958100	1.013766
9.765625	1.345679	10.034180	2431.000000	2473.092843	-0.853721
9.790039	0.345679	10.058594	2448.000000	2463.344639	-0.310135
9.814453	-2.654321	10.083008	2536.000000	2453.640582	1.635455
9.838867	1.345679	10.107422	2521.000000	2446.116166	1.491426
9.863281	-0.654321	10.131836	2455.000000	2436.490129	0.373575
9.887695	-0.654321	10.156250	2464.000000	2425.839838	0.768758
9.912109	-0.654321	10.180664	2452.000000	2414.169930	0.763971
9.936523	4.345679	10.205078	2410.000000	2401.485022	0.173450
9.960937	4.345679	10.229492	2394.000000	2394.196800	-0.004022
9.985352	2.345679	10.253906	2406.000000	2384.805887	0.432083
10.009766	1.345679	10.278320	2302.000000	2375.457502	-1.531029
10.034180	0.345679	10.302734	2332.000000	2362.947909	-0.640866
10.058594	1.345679	10.327148	2448.000000	2351.562815	1.949121
10.083008	1.345679	10.351562	2293.000000	2340.229280	-0.986301
10.107422	3.345679	10.375977	2319.000000	2331.082766	-0.250909
10.131836	1.345679	10.400391	2283.000000	2318.774130	-0.748714
10.156250	0.345679	10.424805	2257.000000	2312.928323	-1.177243
10.180664	-0.654321	10.449219	2300.000000	2301.769749	-0.036902
10.205078	-1.654321	10.473633	2309.000000	2290.661708	0.381634
10.229492	3.345679	10.498047	2287.000000	2282.807516	0.087667
10.253906	1.345679	10.522461	2276.000000	2273.921044	0.043577
10.278320	1.345679	10.546875	2174.000000	2266.142664	-1.976200
10.302734	-1.654321	10.571289	2325.000000	2257.331661	1.403376
10.327148	-0.654321	10.595703	2188.000000	2247.492712	-1.271862
10.351562	-0.654321	10.620117	2219.000000	2240.901864	-0.464946
10.375977	1.345679	10.644531	2220.000000	2233.273016	-0.281704
10.400391	-1.654321	10.668945	2184.000000	2225.678716	-0.891842
10.424805	4.345679	10.693359	2197.000000	2215.983111	-0.404998
10.449219	-0.654321	10.717773	2181.000000	2208.467111	-0.588146
10.473633	-0.654321	10.742187	2179.000000	2199.917299	-0.448102
10.498047	2.345679	10.766602	2163.000000	2189.270511	-0.564859
10.522461	1.345679	10.791016	2211.000000	2180.807634	0.642100
10.546875	2.345679	10.815430	2129.000000	2171.315234	-0.917084
10.571289	1.345679	10.839844	2135.000000	2159.730126	-0.535214
10.595703	0.345679	10.864258	2135.000000	2149.265330	-0.308733
10.620117	3.345679	10.888672	2101.000000	2140.983622	-0.872306
10.644531	2.345679	10.913086	2100.000000	2129.535875	-0.644526
10.668945	2.345679	10.937500	2146.000000	2124.547058	0.463097
10.693359	0.345679	10.961914	2113.000000	2113.173745	-0.003780
10.717773	2.345679	10.986328	2032.000000	2108.259026	-1.691724
10.742187	1.345679	11.010742	2052.000000	2102.298716	-1.110371
10.766602	-0.654321	11.035156	2048.000000	2093.161854	-0.997945
10.791016	1.345679	11.059570	2054.000000	2085.134218	-0.686970
10.815430	0.345679	11.083984	2017.000000	2075.007240	-1.291604
10.839844	-1.654321	11.108398	2007.000000	2067.061819	-1.340679
10.864258	-0.654321	11.132812	2021.000000	2058.084532	-0.824916
10.888672	1.345679	11.157227	1943.000000	2048.080052	-2.383877
10.913086	-1.654321	11.181641	1940.000000	2040.256575	-2.276208
10.937500	4.345679	11.206055	1933.000000	2031.400679	-2.238114
10.961914	-1.654321	11.230469	1949.000000	2021.517040	-1.642609
10.986328	4.345679	11.254883	1995.000000	2013.813857	-0.421217
11.010742	3.345679	11.279297	1993.000000	2004.009862	-0.246620
11.035156	0.345679	11.303711	2038.000000	1993.182418	0.992765
11.059570	1.345679	11.328125	1816.000000	1982.404008	-3.904864
11.083984	-0.654321	11.352539	1899.000000	1974.877953	-1.741218
11.108398	1.345679	11.376953	1972.000000	1967.385981	0.103902
11.132812	0.345679	11.401367	1847.000000	1962.063633	-2.677347
11.157227	-0.654321	11.425781	1885.000000	1952.493996	-1.554567
11.181641	1.345679	11.450195	1841.000000	1940.832001	-2.326713
11.206055	0.345679	11.474609	1854.000000	1932.426362	-1.821408
11.230469	-0.654321	11.499023	1827.000000	1921.923094	-2.220765
11.254883	1.345679	11.523437	1876.000000	1912.535239	-0.843520
11.279297	-0.654321	11.547852	1888.000000	1904.257746	-0.374162
11.303711	-1.654321	11.572266	1816.000000	1896.017738	-1.877709
11.328125	-1.654321	11.596680	1855.000000	1887.815047	-0.761905
11.352539	1.345679	11.621094	1898.000000	1878.581655	0.445722
11.376953	1.345679	11.645508	1800.000000	1870.457925	-1.660709
11.401367	3.345679	11.669922	1839.000000	1860.235289	-0.495185
11.425781	-0.654321	11.694336	1806.000000	1848.991099	-1.011625
11.450195	-2.654321	11.718750	1773.000000	1841.001374	-1.614966
11.474609	0.345679	11.743164	1787.000000	1830.912136	-1.038777
11.499023	-1.654321	11.767578	1758.000000	1821.936436	-1.524892
11.523437	-0.654321	11.791992	1817.000000	1816.204927	0.018652
11.547852	0.345679	11.816406	1889.000000	1806.227983	1.904441
11.572266	0.345679	11.840820	1745.000000	1798.431916	-1.279096
11.596680	0.345679	11.865234	1767.000000	1788.535459	-0.512314
11.621094	-0.654321	11.889648	1791.000000	1780.819515	0.240558
11.645508	0.345679	11.914062	1832.000000	1773.138514	1.375208
11.669922	-1.654321	11.938477	1727.000000	1763.356602	-0.874857
11.694336	-2.654321	11.962891	1696.000000	1755.754684	-1.450972
11.718750	0.345679	11.987305	1789.000000	1747.119344	0.990167
11.743164	-1.654321	12.011719	1737.000000	1740.658807	-0.087789
11.767578	-0.654321	12.036133	1790.000000	1731.023983	1.393956
11.791992	2.345679	12.060547	1762.000000	1722.500639	0.940995
11.816406	-1.654321	12.084961	1805.000000	1717.219439	2.066140
11.840820	0.345679	12.109375	1657.000000	1713.030003	-1.376447
11.865234	-1.654321	12.133789	1669.000000	1708.859540	-0.975673
11.889648	0.345679	12.158203	1680.000000	1700.436571	-0.498601
11.914062	0.345679	12.182617	1721.000000	1692.051747	0.697802
11.938477	-1.654321	12.207031	1701.000000	1687.976286	0.315779
11.962891	0.345679	12.231445	1665.000000	1680.715738	-0.385148
11.987305	-0.654321	12.255859	1685.000000	1673.488070	0.280445
12.011719	1.345679	12.280273	1551.000000	1667.360981	-2.954619
12.036133	-1.654321	12.304687	1675.000000	1660.193792	0.361773
12.060547	-0.654321	12.329102	1607.000000	1654.126908	-1.175604
12.084961	2.345679	12.353516	1627.000000	1649.155347	-0.549269
12.109375	3.345679	12.377930	1625.000000	1639.934909	-0.370489
12.133789	3.345679	12.402344	1671.000000	1633.959770	0.906119
12.158203	-0.654321	12.426758	1558.000000	1625.875995	-1.719620
12.182617	-0.654321	12.451172	1691.000000	1618.896676	1.753410
12.207031	3.345679	12.475586	1593.000000	1613.016812	-0.501519
12.231445	0.345679	12.500000	1606.000000	1607.163575	-0.029035
12.255859	0.345679	12.524414	1563.000000	1597.065454	-0.861658
12.280273	1.345679	12.548828	1680.000000	1590.216608	2.190490
12.304687	0.345679	12.573242	1560.000000	1582.330929	-0.565385
12.329102	1.345679	12.597656	1661.000000	1575.548809	2.096686
12.353516	2.345679	12.622070	1617.000000	1568.797404	1.198714
12.377930	-1.654321	12.646484	1608.000000	1559.940877	1.198486
12.402344	1.345679	12.670898	1538.000000	1555.395850	-0.443575
12.426758	-0.654321	12.695312	1518.000000	1547.667861	-0.761466
12.451172	0.345679	12.719727	1541.000000	1541.042718	-0.001088
12.475586	1.345679	12.744141	1569.000000	1533.379730	0.899261
12.500000	1.345679	12.768555	1545.000000	1523.615749	0.544039
12.524414	-2.654321	12.792969	1496.000000	1517.099529	-0.545515
12.548828	0.345679	12.817383	1476.000000	1508.477122	-0.845346
12.573242	-0.654321	12.841797	1550.000000	1502.029459	1.218453
12.597656	0.345679	12.866211	1509.000000	1495.610996	0.344670
12.622070	0.345679	12.890625	1464.000000	1489.221599	-0.659177
12.646484	-1.654321	12.915039	1461.000000	1481.793290	-0.543999
12.670898	2.345679	12.939453	1455.000000	1472.262924	-0.452567
12.695312	-0.654321	12.963867	1456.000000	1463.843566	-0.205557
12.719727	0.345679	12.988281	1478.000000	1454.394489	0.614011
12.744141	-0.654321	13.012695	1441.000000	1448.191746	-0.189453
12.768555	-2.654321	13.037109	1431.000000	1440.949246	-0.263009
12.792969	0.345679	13.061523	1414.000000	1433.739544	-0.524943
12.817383	-1.654321	13.085937	1466.000000	1425.494644	1.057902
12.841797	0.345679	13.110352	1467.000000	1421.558474	1.186418
12.866211	0.345679	13.134766	1489.000000	1413.368738	1.959991
12.890625	0.345679	13.159180	1440.000000	1410.555330	0.775935
12.915039	-0.654321	13.183594	1486.000000	1403.483271	2.140586
12.939453	-2.654321	13.208008	1493.000000	1397.511087	2.471286
12.963867	-1.654321	13.232422	1461.000000	1389.430253	1.872425
12.988281	-2.654321	13.256836	1440.000000	1381.386013	1.544614
13.012695	0.345679	13.281250	1439.000000	1374.446051	1.701737
13.037109	-0.654321	13.305664	1424.000000	1367.537518	1.496253
13.061523	-0.654321	13.330078	1419.000000	1363.863815	1.463678
13.085937	-1.654321	13.354492	1417.000000	1359.138900	1.537099
13.110352	2.345679	13.378906	1460.000000	1357.638927	2.678912
13.134766	-1.654321	13.403320	1447.000000	1349.738659	2.556854
13.159180	3.345679	13.427734	1424.000000	1341.874168	2.176330
13.183594	-0.654321	13.452148	1401.000000	1336.180989	1.731743
13.208008	0.345679	13.476562	1383.000000	1328.377896	1.468782
13.232422	-1.654321	13.500977	1363.000000	1324.881532	1.032494
13.256836	-1.654321	13.525391	1332.000000	1318.197458	0.378187
13.281250	-0.654321	13.549805	1458.000000	1310.475806	3.863532
13.305664	-0.654321	13.574219	1338.000000	1307.060514	0.845834
13.330078	2.345679	13.598633	1279.000000	1303.660689	-0.689557
13.354492	1.345679	13.623047	1315.000000	1298.140564	0.464922
13.378906	4.345679	13.647461	1404.000000	1293.713286	2.943335
13.403320	-1.654321	13.671875	1326.000000	1289.306058	1.007680
13.427734	-1.654321	13.696289	1351.000000	1282.783092	1.855942
13.452148	0.345679	13.720703	1360.000000	1278.425362	2.212003
13.476562	-1.654321	13.745117	1297.000000	1273.019519	0.665868
13.500977	2.345679	13.769531	1318.000000	1269.773853	1.328388
13.525391	-0.654321	13.793945	1275.000000	1264.407190	0.296658
13.549805	-1.654321	13.818359	1282.000000	1262.268374	0.551085
13.574219	2.345679	13.842773	1304.000000	1259.071395	1.244183
13.598633	2.345679	13.867187	1240.000000	1255.888895	-0.451214
13.623047	0.345679	13.891602	1267.000000	1248.449416	0.521158
13.647461	1.345679	13.916016	1243.000000	1244.247170	-0.035374
13.671875	1.345679	13.940430	1280.000000	1240.063956	1.116246
13.696289	-0.654321	13.964844	1273.000000	1234.831837	1.069762
13.720703	1.345679	13.989258	1255.000000	1226.419869	0.806756
13.745117	0.345679	14.013672	1189.000000	1223.385236	-0.997197
13.769531	2.345679	14.038086	1218.000000	1216.092953	0.054643
13.793945	0.345679	14.062500	1312.000000	1209.901543	2.818722
13.818359	3.345679	14.086914	1223.000000	1205.873867	0.489718
13.842773	2.345679	14.111328	1206.000000	1201.864430	0.119086
13.867187	2.345679	14.135742	1197.000000	1196.805304	0.005627
13.891602	-1.654321	14.160156	1262.000000	1193.904784	1.916845
13.916016	1.345679	14.184570	1232.000000	1188.881703	1.228446
13.940430	1.345679	14.208984	1177.000000	1183.881370	-0.200580
13.964844	0.345679	14.233398	1227.000000	1177.835834	1.403545
13.989258	-2.654321	14.257812	1184.000000	1173.953372	0.291974
14.013672	2.345679	14.282227	1251.000000	1171.156340	2.257417
14.038086	-1.654321	14.306641	1265.000000	1168.371974	2.716801
14.062500	-0.654321	14.331055	1213.000000	1161.328826	1.483604
14.086914	1.345679	14.355469	1162.000000	1156.453270	0.162717
14.111328	1.345679	14.379883	1139.000000	1151.230661	-0.362400
14.135742	0.345679	14.404297	1208.000000	1146.031703	1.782937
14.160156	2.345679	14.428711	1128.000000	1140.856290	-0.382790
14.184570	0.345679	14.453125	1124.000000	1135.704314	-0.349110
14.208984	0.345679	14.477539	1197.000000	1130.575669	1.919907
14.233398	-0.654321	14.501953	1182.000000	1125.470250	1.644252
14.257812	1.345679	14.526367	1099.000000	1120.387952	-0.645164
14.282227	2.345679	14.550781	1170.000000	1115.328669	1.598331
14.306641	2.345679	14.575195	1133.000000	1110.292298	0.674618
14.331055	-1.654321	14.599609	1130.000000	1105.278735	0.735413
14.355469	0.345679	14.624023	1174.000000	1100.287877	2.151319
14.648437	1121.000000	1095.319620	0.767006
14.672852	1169.000000	1090.373862	2.299639
14.697266	1090.000000	1085.450503	0.137800
14.721680	1109.000000	1080.549439	0.854329
14.746094	1112.000000	1075.670570	1.089447
14.770508	1077.000000	1070.813796	0.188502
14.794922	1137.000000	1065.979017	2.106233
14.819336	1136.000000	1061.166132	2.220287
14.843750	1085.000000	1056.375043	0.869020
14.868164	1128.000000	1051.605652	2.274609
14.892578	1108.000000	1046.857859	1.836838
14.916992	1097.000000	1042.131567	1.656606
14.941406	1064.000000	1037.426679	0.814657
14.965820	1053.000000	1032.743097	0.624250
14.990234	1090.000000	1028.080726	1.875481
15.014648	1085.000000	1023.439469	1.868906
15.039062	1055.000000	1018.819230	1.113914
15.063477	1119.000000	1014.219915	3.132303
15.087891	1045.000000	1009.641428	1.093797
15.112305	1100.000000	1005.083676	2.861835
15.136719	965.000000	1000.546564	-1.144284
15.161133	1017.000000	996.029999	0.657564
15.185547	1035.000000	991.533887	1.351079
15.209961	1024.000000	987.058137	1.154433
15.234375	985.000000	982.602656	0.076386
15.258789	958.000000	978.167353	-0.651578
15.283203	1048.000000	973.752135	2.293524
15.307617	1036.000000	969.356912	2.070500
15.332031	1010.000000	964.981593	1.416542
15.356445	1070.000000	960.626089	3.343658
15.380859	1050.000000	956.290309	2.891944
15.405273	1005.000000	951.974164	1.672648
15.429687	1004.000000	947.677565	1.777520
15.454102	961.000000	943.400424	0.567728
15.478516	1058.000000	939.142653	3.654123
15.502930	995.000000	934.904164	1.905166
15.527344	972.000000	930.684869	1.325183
15.551758	1009.000000	926.484682	2.597700
15.576172	981.000000	922.303516	1.874035
15.600586	1007.000000	918.141284	2.800176
15.625000	987.000000	913.997902	2.323682
15.649414	959.000000	909.873284	1.586384
15.673828	974.000000	905.767345	2.186315
15.698242	936.000000	901.680000	1.121784
15.722656	981.000000	897.611165	2.662401
15.747070	909.000000	893.560757	0.512087
15.771484	974.000000	889.528691	2.706635
15.795898	875.000000	885.514885	-0.355468
15.820312	904.000000	881.519256	0.747698
15.844727	908.000000	877.541721	1.010793
15.869141	958.000000	873.582200	2.727415
15.893555	916.000000	869.640610	1.531757
15.917969	971.000000	865.716869	3.378696
15.942383	980.000000	861.810898	3.775412
15.966797	922.000000	857.922616	2.110276
15.991211	939.000000	854.051942	2.772175
16.015625	877.000000	850.198797	0.905012
16.040039	917.000000	846.363102	2.332636
16.064453	871.000000	842.544777	0.964168
16.088867	877.000000	838.743743	1.291822
16.113281	914.000000	834.959924	2.614413
16.137695	884.000000	831.193239	1.776084
16.162109	899.000000	827.443613	2.386539
16.186523	876.000000	823.710967	1.766683
16.210937	845.000000	819.995226	0.860190
16.235352	947.000000	816.296311	4.247299
16.259766	897.000000	812.614147	2.817562
16.284180	879.000000	808.948659	2.362773
16.308594	880.000000	805.299770	2.518144
16.333008	853.000000	801.667406	1.757595
16.357422	889.000000	798.051491	3.050315
16.381836	934.000000	794.451951	4.566152
16.406250	872.000000	790.868713	2.747452
16.430664	861.000000	787.301702	2.511631
16.455078	856.000000	783.750844	2.469425
16.479492	865.000000	780.216067	2.882740
16.503906	884.000000	776.697297	3.608980
16.528320	857.000000	773.194463	2.862743
16.552734	866.000000	769.707492	3.272153
16.577148	808.000000	766.236312	1.469241
16.601562	832.000000	762.780851	2.399742
16.625977	827.000000	759.341039	2.352733
16.650391	812.000000	755.916805	1.968134
16.674805	865.000000	752.508078	3.824840
16.699219	787.000000	749.114788	1.350462
16.723633	834.000000	745.736865	3.056302
16.748047	802.000000	742.374239	2.105459
16.772461	820.000000	739.026841	2.827705
16.796875	850.000000	735.694602	3.920643
16.821289	802.000000	732.377454	2.458458
16.845703	789.000000	729.075328	2.133375
16.870117	774.000000	725.788156	1.732939
16.894531	798.000000	722.515871	2.672109
16.918945	761.000000	719.258404	1.513132
16.943359	782.000000	716.015689	2.359594
16.967773	780.000000	712.787660	2.406588
16.992187	753.000000	709.574249	1.582522
17.016602	812.000000	706.375390	3.706697
17.041016	805.000000	703.191018	3.588295
17.065430	750.000000	700.021066	1.824973
17.089844	744.000000	696.865470	1.728036
17.114258	778.000000	693.724165	3.021435
17.138672	731.000000	690.597085	1.494356
17.163086	702.000000	687.484167	0.547865
17.187500	725.000000	684.385346	1.508390
17.211914	743.000000	681.300559	2.263533
17.236328	745.000000	678.229741	2.446273
17.260742	804.000000	675.172830	4.543384
17.285156	728.000000	672.129763	2.070689
17.309570	719.000000	669.100476	1.860938
17.333984	754.000000	666.084908	3.201679
17.358398	694.000000	663.082997	1.173593
17.382812	733.000000	660.094680	2.692819
17.407227	764.000000	657.119896	3.866786
17.431641	714.000000	654.158584	2.239509
17.456055	730.000000	651.210682	2.916123
17.480469	739.000000	648.276130	3.337331
17.504883	743.000000	645.354868	3.582252
17.529297	718.000000	642.446835	2.819619
17.553711	715.000000	639.551972	2.821596
17.578125	710.000000	636.670218	2.752018
17.602539	708.000000	633.801515	2.788550
17.626953	680.000000	630.945803	1.881143
17.651367	733.000000	628.103024	3.874458
17.675781	705.000000	625.273118	3.002688
17.700195	647.000000	622.456028	0.964923
17.724609	655.000000	619.651696	1.381173
17.749023	708.000000	616.860063	3.425249
17.773437	649.000000	614.081073	1.370688
17.797852	675.000000	611.314667	2.451250
17.822266	670.000000	608.560790	2.373604
17.846680	697.000000	605.819384	3.453712
17.871094	682.000000	603.090393	3.021605
17.895508	692.000000	600.373760	3.483107
17.919922	667.000000	597.669430	2.684490
17.944336	650.000000	594.977347	2.158166
17.968750	661.000000	592.297455	2.672219
17.993164	642.000000	589.629700	2.066891
18.017578	650.000000	586.974026	2.472082
18.041992	634.000000	584.330378	1.972633
18.066406	640.000000	581.698703	2.304561
18.090820	613.000000	579.078945	1.370058
18.115234	644.000000	576.471052	2.661013
18.139648	654.000000	573.874968	3.133137
18.164062	648.000000	571.290642	3.013428
18.188477	623.000000	568.718018	2.174762
18.212891	655.000000	566.157046	3.471381
18.237305	671.000000	563.607671	4.145835
18.261719	599.000000	561.069841	1.549784
18.286133	596.000000	558.543504	1.534278
18.310547	648.000000	556.028608	3.612978
18.334961	607.000000	553.525100	2.170479
18.359375	613.000000	551.032931	2.502826
18.383789	604.000000	548.552047	2.256145
18.408203	573.000000	546.082399	1.124499
18.432617	629.000000	543.623934	3.404167
18.457031	558.000000	541.176603	0.712191
18.481445	589.000000	538.740355	2.070913
18.505859	590.000000	536.315140	2.210171
18.530273	596.000000	533.900908	2.543678
18.554687	607.000000	531.497609	3.064547
18.579102	595.000000	529.105194	2.701424
18.603516	642.000000	526.723613	4.549596
18.627930	540.000000	524.352818	0.673348
18.652344	584.000000	521.992758	2.565878
18.676758	604.000000	519.643387	3.432422
18.701172	595.000000	517.304655	3.185199
18.725586	555.000000	514.976515	1.698902
18.750000	590.000000	512.658917	3.184082
18.774414	578.000000	510.351816	2.813794
18.798828	574.000000	508.055162	2.752484
18.823242	517.000000	505.768909	0.493943
18.847656	579.000000	503.493009	3.137963
18.872070	541.000000	501.227416	1.709957
18.896484	523.000000	498.972084	1.050667
18.920898	595.000000	496.726965	4.028802
18.945312	507.000000	494.492013	0.555499
18.969727	557.000000	492.267182	2.742818
18.994141	553.000000	490.052427	2.676803
19.018555	512.000000	487.847702	1.067391
19.042969	543.000000	485.652961	2.460997
19.067383	524.000000	483.468159	1.770642
19.091797	558.000000	481.293251	3.247256
19.116211	544.000000	479.128193	2.781356
19.140625	534.000000	476.972940	2.467802
19.165039	541.000000	474.827447	2.844980
19.189453	502.000000	472.691670	1.308095
19.213867	523.000000	470.565565	2.292798
19.238281	539.000000	468.449088	3.038843
19.262695	508.000000	466.342196	1.848266
19.287109	531.000000	464.244846	2.896927
19.311523	490.000000	462.156994	1.257819
19.335937	515.000000	460.078596	2.420126
19.360352	502.000000	458.009612	1.963387
19.384766	555.000000	455.949996	4.204439
19.409180	553.000000	453.899708	4.214173
19.433594	579.000000	451.858705	5.283812
19.458008	556.000000	449.826945	4.502740
19.482422	500.000000	447.804386	2.334259
19.506836	509.000000	445.790987	2.801690
19.531250	461.000000	443.786705	0.801703
19.555664	500.000000	441.791500	2.603163
19.580078	469.000000	439.805331	1.348085
19.604492	487.000000	437.828156	2.228189
19.628906	538.000000	435.859935	4.403571
19.653320	504.000000	433.900628	3.122474
19.677734	508.000000	431.950193	3.374165
19.702148	473.000000	430.008592	1.976747
19.726562	497.000000	428.075783	3.091674
19.750977	508.000000	426.151727	3.631430
19.775391	498.000000	424.236384	3.305427
19.799805	477.000000	422.329715	2.503180
19.824219	514.000000	420.431681	4.127122
19.848633	459.000000	418.542243	1.888406
19.873047	477.000000	416.661361	2.762717
19.897461	482.000000	414.788996	3.061377
19.921875	498.000000	412.925111	3.812297
19.946289	486.000000	411.069667	3.398909
19.970703	479.000000	409.222626	3.188210
19.995117	510.000000	407.383949	4.543915
20.019531	470.000000	405.553599	2.972691
20.043945	428.000000	403.731537	1.173060
20.068359	491.000000	401.917727	4.020227
20.092773	474.000000	400.112132	3.393782
20.117187	474.000000	398.314713	3.476340
20.141602	473.000000	396.525434	3.516304
20.166016	442.000000	394.744258	2.247726
20.190430	440.000000	392.971148	2.242013
20.214844	477.000000	391.206068	3.928234
20.239258	449.000000	389.448981	2.810386
20.263672	464.000000	387.699852	3.542145
20.288086	477.000000	385.958644	4.168497
20.312500	471.000000	384.225321	3.998366
20.336914	415.000000	382.499847	1.595370
20.361328	461.000000	380.782188	3.736116
20.385742	431.000000	379.072307	2.501269
20.410156	472.000000	377.370170	4.355691
20.434570	467.000000	375.675741	4.225983
20.458984	447.000000	373.988986	3.453302
20.483398	444.000000	372.309869	3.402263
20.507812	490.000000	370.638356	5.392209
20.532227	422.000000	368.974413	2.581245
20.556641	433.000000	367.318006	3.156475
20.581055	481.000000	365.669099	5.258636
20.605469	435.000000	364.027660	3.402863
20.629883	437.000000	362.393655	3.568905
20.654297	387.000000	360.767049	1.333496
20.678711	438.000000	359.147809	3.767703
20.703125	425.000000	357.535903	3.272489
20.727539	440.000000	355.931296	4.007818
20.751953	478.000000	354.333956	5.656353
20.776367	387.000000	352.743849	1.741338
20.800781	431.000000	351.160944	3.845712
20.825195	389.000000	349.585207	1.998409
20.849609	407.000000	348.016606	2.923698
20.874023	444.000000	346.455108	4.629276
20.898437	378.000000	344.900682	1.702445
20.922852	453.000000	343.353296	5.151652
20.947266	424.000000	341.812917	3.991358
20.971680	417.000000	340.279514	3.757018
20.996094	415.000000	338.714507	3.744708
21.020508	434.000000	337.242524	4.644507
21.044922	437.000000	335.719916	4.844883
21.069336	381.000000	334.032330	2.406227
21.093750	416.000000	332.495615	4.094139
21.118164	380.000000	330.965858	2.515398
21.142578	365.000000	329.471675	1.859638
21.166992	393.000000	327.898322	3.283945
21.191406	396.000000	326.418030	3.496626
21.215820	386.000000	324.915797	3.109104
21.240234	400.000000	323.477658	3.826117
