Name des Datensatzes:	BLOCK 2
Wiederholrate [ns]:	19.604
Zeit Shift [ns] (fest):	0.000
Offset (fest):	3.211

Komponente 1
tau [ns]:	5.443435
A:	0.542958
%:	100.000000
f:	1.000000

t_irf	 irf	t	daten	                                fit             res
[ns]	counts (offset korrigiert)	                        [ns]	        counts 
1.391602	1.345679	1.660156	205.000000	175.837514	2.036796
1.416016	-1.654321	1.684570	183.000000	175.834801	0.529667
1.440430	0.345679	1.708984	203.000000	176.195488	1.881308
1.464844	6.345679	1.733398	212.000000	175.002125	2.541024
1.489258	1.345679	1.757812	204.000000	175.551447	1.991797
1.513672	1.345679	1.782227	175.000000	176.646608	-0.124472
1.538086	0.345679	1.806641	209.000000	175.543680	2.314222
1.562500	3.345679	1.831055	172.000000	177.643016	-0.430276
1.586914	0.345679	1.855469	170.000000	177.632223	-0.585365
1.611328	1.345679	1.879883	167.000000	175.243383	-0.637892
1.635742	-0.654321	1.904297	170.000000	173.869372	-0.296767
1.660156	-1.654321	1.928711	169.000000	173.875466	-0.375036
1.684570	1.345679	1.953125	191.000000	172.600031	1.331375
1.708984	2.345679	1.977539	211.000000	171.422758	2.724610
1.733398	-0.654321	2.001953	192.000000	170.528115	1.549600
1.757812	2.345679	2.026367	187.000000	168.719362	1.336813
1.782227	3.345679	2.050781	173.000000	169.845096	0.239863
1.806641	-0.654321	2.075195	199.000000	170.232588	2.039268
1.831055	5.345679	2.099609	186.000000	171.351551	1.074076
1.855469	1.345679	2.124023	200.000000	170.272319	2.102065
1.879883	-2.654321	2.148437	175.000000	168.464711	0.494021
1.904297	-0.654321	2.172852	168.000000	166.301803	0.131019
1.928711	1.345679	2.197266	166.000000	165.152714	0.065762
1.953125	-0.654321	2.221680	169.000000	168.580051	0.032304
1.977539	-0.654321	2.246094	169.000000	167.876610	0.086415
2.001953	-0.654321	2.270508	153.000000	167.817068	-1.197889
2.026367	-1.654321	2.294922	171.000000	166.938560	0.310586
2.050781	3.345679	2.319336	171.000000	166.156438	0.370396
2.075195	2.345679	2.343750	178.000000	166.474409	0.863880
2.099609	3.345679	2.368164	161.000000	165.324548	-0.340822
2.124023	-0.654321	2.392578	172.000000	164.728129	0.554475
2.148437	-1.654321	2.416992	193.000000	163.955899	2.090640
2.172852	-2.654321	2.441406	172.000000	162.361465	0.734931
2.197266	-0.654321	2.465820	170.000000	162.967354	0.539379
2.221680	7.345679	2.490234	173.000000	164.211282	0.668194
2.246094	0.345679	2.514648	172.000000	168.098675	0.297473
2.270508	1.345679	2.539062	161.000000	170.416235	-0.742103
2.294922	-0.654321	2.563477	172.000000	175.557363	-0.271246
2.319336	-0.654321	2.587891	155.000000	180.853965	-2.076640
2.343750	1.345679	2.612305	183.000000	185.307633	-0.170585
2.368164	-0.654321	2.636719	185.000000	191.749651	-0.496244
2.392578	0.345679	2.661133	194.000000	204.834859	-0.777898
2.416992	-0.654321	2.685547	225.000000	214.115885	0.725608
2.441406	-1.654321	2.709961	256.000000	243.642366	0.772352
2.465820	2.345679	2.734375	325.000000	298.436859	1.473458
2.490234	3.345679	2.758789	388.000000	400.417049	-0.630380
2.514648	8.345679	2.783203	492.000000	520.490520	-1.284452
2.539062	5.345679	2.807617	655.000000	692.755626	-1.475234
2.563477	10.345679	2.832031	910.000000	914.693167	-0.155577
2.587891	11.345679	2.856445	1189.000000	1161.222587	0.805566
2.612305	9.345679	2.880859	1518.000000	1435.530045	2.116703
2.636719	13.345679	2.905273	1912.000000	1716.557069	4.469676
2.661133	25.345679	2.929687	2134.000000	1993.129168	3.049467
2.685547	18.345679	2.954102	2577.000000	2235.473332	6.727712
2.709961	55.345679	2.978516	2825.000000	2466.130455	6.751921
2.734375	102.345679	3.002930	2962.000000	2673.004275	5.310053
2.758789	188.345679	3.027344	3200.000000	2881.508910	5.630180
2.783203	222.345679	3.051758	3309.000000	3039.918666	4.677730
2.807617	318.345679	3.076172	3455.000000	3183.363816	4.621294
2.832031	410.345679	3.100586	3527.000000	3295.462417	3.898691
2.856445	457.345679	3.125000	3640.000000	3380.648668	4.298706
2.880859	509.345679	3.149414	3776.000000	3453.206268	5.253021
2.905273	524.345679	3.173828	3770.000000	3501.406559	4.374463
2.929687	518.345679	3.198242	3876.000000	3533.398087	5.502980
2.954102	458.345679	3.222656	3780.000000	3566.620409	3.470619
2.978516	439.345679	3.247070	3945.000000	3582.056104	5.778512
3.002930	397.345679	3.271484	3860.000000	3594.681239	4.270457
3.027344	402.345679	3.295898	3899.000000	3601.126155	4.770411
3.051758	312.345679	3.320312	3877.000000	3610.105235	4.286395
3.076172	286.345679	3.344727	3870.000000	3614.287941	4.110510
3.100586	230.345679	3.369141	3940.000000	3613.431230	5.202673
3.125000	182.345679	3.393555	3752.000000	3613.853427	2.255323
3.149414	160.345679	3.417969	3723.000000	3615.462783	1.762432
3.173828	116.345679	3.442383	3754.000000	3607.558981	2.390097
3.198242	87.345679	3.466797	3688.000000	3605.721814	1.354844
3.222656	89.345679	3.491211	3784.000000	3607.275106	2.872911
3.247070	57.345679	3.515625	3814.000000	3603.886773	3.402225
3.271484	52.345679	3.540039	3752.000000	3598.049480	2.513331
3.295898	41.345679	3.564453	3700.000000	3594.887340	1.728041
3.320312	45.345679	3.588867	3719.000000	3587.630336	2.154180
3.344727	37.345679	3.613281	3630.000000	3581.495975	0.805053
3.369141	27.345679	3.637695	3806.000000	3577.582253	3.702503
3.393555	30.345679	3.662109	3614.000000	3568.936280	0.749606
3.417969	32.345679	3.686523	3644.000000	3559.047496	1.407301
3.442383	15.345679	3.710937	3673.000000	3552.314265	1.991340
3.466797	26.345679	3.735352	3650.000000	3543.140616	1.768749
3.491211	32.345679	3.759766	3518.000000	3533.367267	-0.259089
3.515625	23.345679	3.784180	3589.000000	3527.297253	1.029954
3.540039	18.345679	3.808594	3642.000000	3516.319728	2.082558
3.564453	23.345679	3.833008	3685.000000	3511.785984	2.853411
3.588867	15.345679	3.857422	3576.000000	3501.333716	1.248607
3.613281	18.345679	3.881836	3508.000000	3493.669707	0.241950
3.637695	22.345679	3.906250	3522.000000	3482.017007	0.673722
3.662109	13.345679	3.930664	3593.000000	3471.697955	2.023669
3.686523	11.345679	3.955078	3572.000000	3464.074112	1.805801
3.710937	16.345679	3.979492	3465.000000	3451.734620	0.225355
3.735352	12.345679	4.003906	3485.000000	3442.555222	0.718990
3.759766	11.345679	4.028320	3521.000000	3435.339155	1.443608
3.784180	17.345679	4.052734	3443.000000	3431.352707	0.198498
3.808594	8.345679	4.077148	3554.000000	3423.546020	2.188258
3.833008	20.345679	4.101562	3464.000000	3414.856155	0.834988
3.857422	9.345679	4.125977	3485.000000	3408.675727	1.292889
3.881836	14.345679	4.150391	3475.000000	3399.781472	1.275990
3.906250	7.345679	4.174805	3288.000000	3390.834564	-1.793384
3.930664	9.345679	4.199219	3307.000000	3381.102035	-1.288585
3.955078	14.345679	4.223633	3360.000000	3371.327032	-0.195410
3.979492	5.345679	4.248047	3316.000000	3359.581065	-0.756816
4.003906	11.345679	4.272461	3367.000000	3349.076710	0.308885
4.028320	14.345679	4.296875	3290.000000	3337.707675	-0.831745
4.052734	20.345679	4.321289	3280.000000	3328.034408	-0.838717
4.077148	13.345679	4.345703	3306.000000	3318.311975	-0.214129
4.101562	12.345679	4.370117	3260.000000	3308.269661	-0.845406
4.125977	16.345679	4.394531	3294.000000	3296.990784	-0.052110
4.150391	11.345679	4.418945	3259.000000	3285.214084	-0.459190
4.174805	11.345679	4.443359	3270.000000	3273.397630	-0.059416
4.199219	10.345679	4.467773	3334.000000	3262.367260	1.240591
4.223633	9.345679	4.492187	3230.000000	3250.930407	-0.368279
4.248047	6.345679	4.516602	3251.000000	3244.479408	0.114361
4.272461	8.345679	4.541016	3142.000000	3232.204491	-1.609256
4.296875	6.345679	4.565430	3202.000000	3222.910897	-0.369540
4.321289	9.345679	4.589844	3089.000000	3210.885448	-2.193022
4.345703	9.345679	4.614258	3048.000000	3197.817219	-2.713653
4.370117	8.345679	4.638672	3077.000000	3187.000658	-1.983040
4.394531	6.345679	4.663086	3033.000000	3174.039313	-2.560967
4.418945	5.345679	4.687500	3129.000000	3163.877456	-0.623508
4.443359	5.345679	4.711914	3191.000000	3153.761072	0.659225
4.467773	6.345679	4.736328	3108.000000	3144.238257	-0.650020
4.492187	5.345679	4.760742	3028.000000	3133.661462	-1.920166
4.516602	14.345679	4.785156	3154.000000	3122.035404	0.569165
4.541016	4.345679	4.809570	3096.000000	3112.106264	-0.289464
4.565430	9.345679	4.833984	3041.000000	3101.124963	-1.090302
4.589844	4.345679	4.858398	2986.000000	3090.741101	-1.916780
4.614258	2.345679	4.882812	2942.000000	3078.758815	-2.521355
4.638672	6.345679	4.907227	2952.000000	3070.119932	-2.174027
4.663086	2.345679	4.931641	2981.000000	3058.778223	-1.424548
4.687500	7.345679	4.956055	3024.000000	3046.938971	-0.417141
4.711914	7.345679	4.980469	2980.000000	3035.152700	-1.010319
4.736328	8.345679	5.004883	2894.000000	3022.322579	-2.385359
4.760742	6.345679	5.029297	2949.000000	3009.549872	-1.115003
4.785156	4.345679	5.053711	2904.000000	2998.479215	-1.753226
4.809570	7.345679	5.078125	2945.000000	2988.554692	-0.802587
4.833984	5.345679	5.102539	2963.000000	2974.288206	-0.207376
4.858398	6.345679	5.126953	2857.000000	2967.213424	-2.061956
4.882812	3.345679	5.151367	2855.000000	2956.880519	-1.906725
4.907227	9.345679	5.175781	2764.000000	2945.497260	-3.452241
4.931641	4.345679	5.200195	2842.000000	2932.520050	-1.697981
4.956055	3.345679	5.224609	2780.000000	2922.342398	-2.699677
4.980469	3.345679	5.249023	2771.000000	2909.468807	-2.630472
5.004883	1.345679	5.273437	2762.000000	2898.297715	-2.593443
5.029297	1.345679	5.297852	2806.000000	2886.628318	-1.522102
5.053711	4.345679	5.322266	2765.000000	2875.559437	-2.102559
5.078125	6.345679	5.346680	2770.000000	2865.636685	-1.817124
5.102539	-1.654321	5.371094	2826.000000	2855.758336	-0.559787
5.126953	11.345679	5.395508	2689.000000	2844.279302	-2.994458
5.151367	5.345679	5.419922	2809.000000	2834.496528	-0.481067
5.175781	3.345679	5.444336	2719.000000	2822.016047	-1.975606
5.200195	0.345679	5.468750	2797.000000	2811.236307	-0.269185
5.224609	5.345679	5.493164	2663.000000	2799.956510	-2.653977
5.249023	0.345679	5.517578	2706.000000	2787.082299	-1.558699
5.273437	3.345679	5.541992	2692.000000	2776.458887	-1.627825
5.297852	2.345679	5.566406	2676.000000	2766.979610	-1.758737
5.322266	3.345679	5.590820	2720.000000	2755.897862	-0.688310
5.346680	5.345679	5.615234	2677.000000	2743.220813	-1.279883
5.371094	5.345679	5.639648	2580.000000	2731.697088	-2.986534
5.395508	2.345679	5.664062	2677.000000	2720.224932	-0.835430
5.419922	5.345679	5.688477	2644.000000	2710.997302	-1.302947
5.444336	0.345679	5.712891	2682.000000	2700.166074	-0.350777
5.468750	3.345679	5.737305	2648.000000	2689.931614	-0.814859
5.493164	2.345679	5.761719	2558.000000	2681.936140	-2.450460
5.517578	-0.654321	5.786133	2562.000000	2669.590071	-2.125605
5.541992	3.345679	5.810547	2582.000000	2658.395844	-1.503459
5.566406	5.345679	5.834961	2532.000000	2648.896602	-2.323111
5.590820	2.345679	5.859375	2558.000000	2638.343275	-1.588544
5.615234	-0.654321	5.883789	2460.000000	2627.288878	-3.372869
5.639648	1.345679	5.908203	2495.000000	2616.283949	-2.428108
5.664062	1.345679	5.932617	2463.000000	2606.973158	-2.901011
5.688477	5.345679	5.957031	2456.000000	2596.059143	-2.826163
5.712891	2.345679	5.981445	2447.000000	2585.193967	-2.793651
5.737305	3.345679	6.005859	2495.000000	2575.474007	-1.611092
5.761719	7.345679	6.030273	2456.000000	2563.056059	-2.160215
5.786133	-0.654321	6.054687	2295.000000	2553.435166	-5.394613
5.810547	1.345679	6.079102	2471.000000	2541.664139	-1.421552
5.834961	4.345679	6.103516	2437.000000	2533.235569	-1.949431
5.859375	2.345679	6.127930	2398.000000	2525.941311	-2.612680
5.883789	1.345679	6.152344	2435.000000	2516.486507	-1.651339
5.908203	1.345679	6.176758	2429.000000	2505.977419	-1.561887
5.932617	4.345679	6.201172	2350.000000	2494.418766	-2.979132
5.957031	1.345679	6.225586	2256.000000	2482.911838	-4.777356
5.981445	1.345679	6.250000	2418.000000	2472.004700	-1.098256
6.005859	3.345679	6.274414	2376.000000	2462.791262	-1.780544
6.030273	-1.654321	6.298828	2403.000000	2453.070758	-1.021427
6.054687	3.345679	6.323242	2334.000000	2443.393753	-2.264342
6.079102	-0.654321	6.347656	2276.000000	2432.663459	-3.283837
6.103516	5.345679	6.372070	2378.000000	2421.432885	-0.890662
6.127930	7.345679	6.396484	2332.000000	2410.800866	-1.631799
6.152344	3.345679	6.420898	2279.000000	2399.668128	-2.527670
6.176758	1.345679	6.445312	2328.000000	2390.778397	-1.301124
6.201172	-0.654321	6.469727	2264.000000	2380.831854	-2.455405
6.225586	-0.654321	6.494141	2302.000000	2372.574712	-1.470945
6.250000	0.345679	6.518555	2211.000000	2362.161333	-3.214744
6.274414	3.345679	6.542969	2307.000000	2350.697961	-0.909782
6.298828	2.345679	6.567383	2316.000000	2340.382480	-0.506651
6.323242	2.345679	6.591797	2181.000000	2330.661459	-3.204661
6.347656	0.345679	6.616211	2275.000000	2320.983939	-0.964085
6.372070	-0.654321	6.640625	2262.000000	2310.801429	-1.026092
6.396484	0.345679	6.665039	2293.000000	2300.664486	-0.160059
6.420898	-0.654321	6.689453	2236.000000	2291.121203	-1.165689
6.445312	3.345679	6.713867	2179.000000	2280.524032	-2.174905
6.469727	1.345679	6.738281	2223.000000	2269.974284	-0.996301
6.494141	4.345679	6.762695	2188.000000	2260.020042	-1.539677
6.518555	0.345679	6.787109	2269.000000	2251.206940	0.373537
6.542969	-1.654321	6.811523	2203.000000	2241.336683	-0.816784
6.567383	0.345679	6.835937	2175.000000	2230.962298	-1.199958
6.591797	1.345679	6.860352	2208.000000	2223.375823	-0.327219
6.616211	1.345679	6.884766	2152.000000	2212.533516	-1.304893
6.640625	0.345679	6.909180	2110.000000	2202.288026	-2.009112
6.665039	0.345679	6.933594	2120.000000	2192.636680	-1.577568
6.689453	1.345679	6.958008	2066.000000	2183.576822	-2.586763
6.713867	-0.654321	6.982422	2053.000000	2172.364319	-2.634390
6.738281	-0.654321	7.006836	2109.000000	2163.395180	-1.184465
6.762695	0.345679	7.031250	2103.000000	2153.369583	-1.098370
6.787109	2.345679	7.055664	2089.000000	2145.582039	-1.237968
6.811523	0.345679	7.080078	2095.000000	2137.829345	-0.935728
6.835937	-0.654321	7.104492	2149.000000	2127.918156	0.454769
6.860352	4.345679	7.128906	2083.000000	2119.147913	-0.792024
6.884766	-1.654321	7.153320	2046.000000	2109.320323	-1.399878
6.909180	-0.654321	7.177734	1965.000000	2099.536712	-3.035006
6.933594	0.345679	7.202148	2001.000000	2090.345180	-1.997320
6.958008	1.345679	7.226562	2017.000000	2083.936264	-1.490419
6.982422	-2.654321	7.250977	2091.000000	2075.362841	0.341964
7.006836	1.345679	7.275391	1973.000000	2065.182893	-2.075328
7.031250	-0.654321	7.299805	2000.000000	2056.693391	-1.267703
7.055664	3.345679	7.324219	1981.000000	2047.145285	-1.486130
7.080078	3.345679	7.348633	2018.000000	2038.188205	-0.449404
7.104492	-0.654321	7.373047	2021.000000	2028.722910	-0.171790
7.128906	1.345679	7.397461	1978.000000	2019.299973	-0.928617
7.153320	-0.654321	7.421875	2023.000000	2011.015797	0.266447
7.177734	-0.654321	7.446289	1940.000000	2004.413584	-1.462435
7.202148	0.345679	7.470703	1979.000000	1996.744322	-0.398875
7.226562	5.345679	7.495117	1994.000000	1988.561083	0.121801
7.250977	1.345679	7.519531	1921.000000	1980.414464	-1.355590
7.275391	-1.654321	7.543945	1981.000000	1972.304301	0.195372
7.299805	1.345679	7.568359	1965.000000	1964.778728	0.004992
7.324219	-0.654321	7.592773	1938.000000	1957.286832	-0.438111
7.348633	0.345679	7.617187	1900.000000	1947.635275	-1.092828
7.373047	-0.654321	7.641602	1933.000000	1938.575205	-0.126807
7.397461	-0.654321	7.666016	1754.000000	1930.103976	-4.204887
7.421875	1.345679	7.690430	1890.000000	1920.574062	-0.703270
7.446289	4.345679	7.714844	1966.000000	1912.183388	1.213737
7.470703	2.345679	7.739258	1933.000000	1905.475154	0.626050
7.495117	1.345679	7.763672	1988.000000	1896.603751	2.049841
7.519531	1.345679	7.788086	1841.000000	1888.868641	-1.115640
7.543945	1.345679	7.812500	1862.000000	1880.071552	-0.418799
7.568359	2.345679	7.836914	1886.000000	1872.410424	0.312921
7.592773	2.345679	7.861328	1801.000000	1863.686986	-1.477136
7.617187	-1.654321	7.885742	1824.000000	1856.099179	-0.751591
7.641602	-0.654321	7.910156	1814.000000	1846.900437	-0.772472
7.666016	0.345679	7.934570	1889.000000	1839.936047	1.128877
7.690430	-1.654321	7.958984	1801.000000	1832.454526	-0.741184
7.714844	0.345679	7.983398	1822.000000	1824.458187	-0.057589
7.739258	3.345679	8.007812	1783.000000	1817.045929	-0.806287
7.763672	-0.654321	8.032227	1857.000000	1809.666842	1.098397
7.788086	1.345679	8.056641	1720.000000	1801.772478	-1.971710
7.812500	-0.654321	8.081055	1718.000000	1795.010036	-1.857957
7.836914	1.345679	8.105469	1843.000000	1787.181262	1.300222
7.861328	-0.654321	8.129883	1730.000000	1779.935818	-1.200575
7.885742	1.345679	8.154297	1734.000000	1772.174501	-0.916746
7.910156	-1.654321	8.178711	1730.000000	1765.544510	-0.854574
7.934570	2.345679	8.203125	1789.000000	1758.395891	0.723560
7.958984	1.345679	8.227539	1639.000000	1749.086075	-2.719211
7.983398	0.345679	8.251953	1648.000000	1742.559405	-2.329304
8.007812	1.345679	8.276367	1670.000000	1734.965347	-1.589731
8.032227	1.345679	8.300781	1810.000000	1727.953570	1.928503
8.056641	0.345679	8.325195	1732.000000	1720.973171	0.264958
8.081055	2.345679	8.349609	1687.000000	1712.379118	-0.617901
8.105469	0.345679	8.374023	1642.000000	1706.016712	-1.579817
8.129883	1.345679	8.398437	1676.000000	1699.134480	-0.565097
8.154297	0.345679	8.422852	1693.000000	1692.831343	0.004099
8.178711	2.345679	8.447266	1701.000000	1686.008116	0.363500
8.203125	1.345679	8.471680	1729.000000	1679.763720	1.184098
8.227539	-2.654321	8.496094	1662.000000	1672.450674	-0.256347
8.251953	2.345679	8.520508	1596.000000	1665.718650	-1.745149
8.276367	0.345679	8.544922	1628.000000	1660.661644	-0.809489
8.300781	1.345679	8.569336	1712.000000	1653.982376	1.402194
8.325195	1.345679	8.593750	1675.000000	1646.784701	0.689409
8.349609	-1.654321	8.618164	1610.000000	1641.264127	-0.779172
8.374023	2.345679	8.642578	1614.000000	1632.478476	-0.459954
8.398437	1.345679	8.666992	1637.000000	1625.925328	0.273720
8.422852	2.345679	8.691406	1588.000000	1618.853209	-0.774239
8.447266	1.345679	8.715820	1636.000000	1614.554222	0.530213
8.471680	2.345679	8.740234	1598.000000	1608.629583	-0.265906
8.496094	0.345679	8.764648	1652.000000	1601.086565	1.252643
8.520508	1.345679	8.789062	1547.000000	1594.125599	-1.198151
8.544922	4.345679	8.813477	1566.000000	1588.292378	-0.563327
8.569336	1.345679	8.837891	1624.000000	1582.485260	1.030171
8.593750	0.345679	8.862305	1603.000000	1575.059238	0.697865
8.618164	3.345679	8.886719	1631.000000	1568.763042	1.541066
8.642578	-2.654321	8.911133	1593.000000	1561.946724	0.778036
8.666992	1.345679	8.935547	1464.000000	1556.805800	-2.425518
8.691406	0.345679	8.959961	1528.000000	1550.042991	-0.563909
8.715820	5.345679	8.984375	1606.000000	1543.310445	1.564309
8.740234	2.345679	9.008789	1527.000000	1537.156325	-0.259906
8.764648	-0.654321	9.033203	1480.000000	1531.578041	-1.340707
8.789062	0.345679	9.057617	1493.000000	1524.379830	-0.812121
8.813477	2.345679	9.082031	1515.000000	1518.858721	-0.099137
8.837891	2.345679	9.106445	1462.000000	1511.717428	-1.300274
8.862305	-0.654321	9.130859	1506.000000	1507.349578	-0.034776
8.886719	1.345679	9.155273	1562.000000	1501.356382	1.534421
8.911133	0.345679	9.179687	1557.000000	1495.938304	1.547478
8.935547	3.345679	9.204102	1547.000000	1489.447877	1.463242
8.959961	0.345679	9.228516	1464.000000	1483.534792	-0.510550
8.984375	0.345679	9.252930	1387.000000	1476.551574	-2.404557
9.008789	1.345679	9.277344	1406.000000	1470.696200	-1.725385
9.033203	2.345679	9.301758	1434.000000	1463.222137	-0.771680
9.057617	-0.654321	9.326172	1505.000000	1455.781522	1.268703
9.082031	2.345679	9.350586	1385.000000	1449.470797	-1.732360
9.106445	-0.654321	9.375000	1402.000000	1444.833203	-1.143949
9.130859	4.345679	9.399414	1401.000000	1438.571472	-1.003781
9.155273	1.345679	9.423828	1470.000000	1432.886059	0.968007
9.179687	2.345679	9.448242	1442.000000	1426.677791	0.403496
9.204102	0.345679	9.472656	1452.000000	1419.400712	0.855509
9.228516	1.345679	9.497070	1345.000000	1413.801088	-1.876006
9.252930	-0.654321	9.521484	1503.000000	1407.129929	2.472883
9.277344	1.345679	9.545898	1426.000000	1400.488623	0.675576
9.301758	-1.654321	9.570312	1399.000000	1393.328740	0.151625
9.326172	-1.654321	9.594727	1359.000000	1388.394085	-0.797352
9.350586	0.345679	9.619141	1393.000000	1382.384919	0.284412
9.375000	3.345679	9.643555	1299.000000	1375.854347	-2.132376
9.399414	0.345679	9.667969	1443.000000	1370.997891	1.895449
9.423828	1.345679	9.692383	1402.000000	1366.163167	0.957096
9.448242	0.345679	9.716797	1384.000000	1360.801781	0.623572
9.472656	-1.654321	9.741211	1316.000000	1356.560982	-1.118100
9.497070	1.345679	9.765625	1336.000000	1351.242566	-0.417018
9.521484	-0.654321	9.790039	1346.000000	1345.399654	0.016364
9.545898	-0.654321	9.814453	1312.000000	1337.937997	-0.716093
9.570312	-1.654321	9.838867	1292.000000	1332.702920	-1.132386
9.594727	2.345679	9.863281	1343.000000	1326.394675	0.453116
9.619141	0.345679	9.887695	1358.000000	1320.114660	1.028067
9.643555	-0.654321	9.912109	1381.000000	1313.862747	1.806620
9.667969	2.345679	9.936523	1289.000000	1310.380298	-0.595508
9.692383	2.345679	9.960937	1261.000000	1306.913432	-1.292951
9.716797	1.345679	9.985352	1334.000000	1302.365486	0.866130
9.741211	3.345679	10.009766	1312.000000	1297.289595	0.406123
9.765625	1.345679	10.034180	1354.000000	1291.688123	1.693408
9.790039	0.345679	10.058594	1315.000000	1286.660013	0.781514
9.814453	-2.654321	10.083008	1294.000000	1281.654405	0.343198
9.838867	1.345679	10.107422	1280.000000	1277.767790	0.062392
9.863281	-0.654321	10.131836	1289.000000	1272.801975	0.451165
9.887695	-0.654321	10.156250	1290.000000	1267.310084	0.631740
9.912109	-0.654321	10.180664	1304.000000	1261.294472	1.182620
9.936523	4.345679	10.205078	1263.000000	1254.757484	0.231931
9.960937	4.345679	10.229492	1274.000000	1250.991233	0.644627
9.985352	2.345679	10.253906	1249.000000	1246.145243	0.080777
10.009766	1.345679	10.278320	1220.000000	1241.320938	-0.610417
10.034180	0.345679	10.302734	1231.000000	1234.873331	-0.110397
10.058594	1.345679	10.327148	1253.000000	1229.002875	0.677928
10.083008	1.345679	10.351562	1223.000000	1223.158688	-0.004538
10.107422	3.345679	10.375977	1234.000000	1218.437248	0.443026
10.131836	1.345679	10.400391	1185.000000	1212.092046	-0.787014
10.156250	0.345679	10.424805	1214.000000	1209.065020	0.141637
10.180664	-0.654321	10.449219	1239.000000	1203.310056	1.013935
10.205078	-1.654321	10.473633	1206.000000	1197.580845	0.242435
10.229492	3.345679	10.498047	1128.000000	1193.522163	-1.950894
10.253906	1.345679	10.522461	1184.000000	1188.933347	-0.143372
10.278320	1.345679	10.546875	1175.000000	1184.913363	-0.289203
10.302734	-1.654321	10.571289	1185.000000	1180.363071	0.134701
10.327148	-0.654321	10.595703	1148.000000	1175.284845	-0.805287
10.351562	-0.654321	10.620117	1157.000000	1171.874235	-0.437288
10.375977	1.345679	10.644531	1173.000000	1167.930590	0.148016
10.400391	-1.654321	10.668945	1130.000000	1164.004593	-1.011576
10.424805	4.345679	10.693359	1224.000000	1158.999571	1.857914
10.449219	-0.654321	10.717773	1142.000000	1155.113541	-0.388049
10.473633	-0.654321	10.742187	1134.000000	1150.696604	-0.495817
10.498047	2.345679	10.766602	1145.000000	1145.202838	-0.005994
10.522461	1.345679	10.791016	1104.000000	1140.830251	-1.108460
10.546875	2.345679	10.815430	1126.000000	1135.928934	-0.295892
10.571289	1.345679	10.839844	1095.000000	1129.952957	-1.056275
10.595703	0.345679	10.864258	1129.000000	1124.552020	0.132378
10.620117	3.345679	10.888672	1110.000000	1120.271845	-0.308310
10.644531	2.345679	10.913086	1071.000000	1114.365934	-1.325116
10.668945	2.345679	10.937500	1129.000000	1111.776233	0.512603
10.693359	0.345679	10.961914	1056.000000	1105.908339	-1.535823
10.717773	2.345679	10.986328	1079.000000	1103.356486	-0.741488
10.742187	1.345679	11.010742	1086.000000	1100.267756	-0.432953
10.766602	-0.654321	11.035156	1051.000000	1095.547956	-1.374126
10.791016	1.345679	11.059570	1058.000000	1091.397575	-1.026767
10.815430	0.345679	11.083984	1096.000000	1086.169173	0.296951
10.839844	-1.654321	11.108398	1012.000000	1082.060762	-2.202341
10.864258	-0.654321	11.132812	1017.000000	1077.422439	-1.894688
10.888672	1.345679	11.157227	1088.000000	1072.256576	0.477293
10.913086	-1.654321	11.181641	1095.000000	1068.210424	0.809578
10.937500	4.345679	11.206055	1059.000000	1063.634081	-0.142402
10.961914	-1.654321	11.230469	1005.000000	1058.529921	-1.688549
10.986328	4.345679	11.254883	1051.000000	1054.545196	-0.109355
11.010742	3.345679	11.279297	1085.000000	1049.481708	1.078294
11.035156	0.345679	11.303711	1016.000000	1043.892583	-0.875068
11.059570	1.345679	11.328125	1031.000000	1038.328469	-0.228236
11.083984	-0.654321	11.352539	1030.000000	1034.434145	-0.138163
11.108398	1.345679	11.376953	978.000000	1030.557248	-1.680595
11.132812	0.345679	11.401367	1021.000000	1027.794295	-0.212633
11.157227	-0.654321	11.425781	1011.000000	1022.850518	-0.372702
11.181641	1.345679	11.450195	994.000000	1016.832270	-0.724196
11.206055	0.345679	11.474609	1011.000000	1012.485845	-0.046730
11.230469	-0.654321	11.499023	1002.000000	1007.062276	-0.159923
11.254883	1.345679	11.523437	930.000000	1002.211275	-2.367901
11.279297	-0.654321	11.547852	899.000000	997.930279	-3.299510
11.303711	-1.654321	11.572266	927.000000	993.668440	-2.189679
11.328125	-1.654321	11.596680	976.000000	989.425673	-0.429745
11.352539	1.345679	11.621094	954.000000	984.653596	-0.992447
11.376953	1.345679	11.645508	935.000000	980.451171	-1.486412
11.401367	3.345679	11.669922	932.000000	975.170957	-1.414112
11.425781	-0.654321	11.694336	919.000000	969.366076	-1.661424
11.450195	-2.654321	11.718750	949.000000	965.232062	-0.526915
11.474609	0.345679	11.743164	931.000000	960.019954	-0.951091
11.499023	-1.654321	11.767578	939.000000	955.379468	-0.534524
11.523437	-0.654321	11.791992	952.000000	952.404638	-0.013114
11.547852	0.345679	11.816406	959.000000	947.249933	0.379429
11.572266	0.345679	11.840820	950.000000	943.214889	0.220138
11.596680	0.345679	11.865234	958.000000	938.101308	0.642898
11.621094	-0.654321	11.889648	858.000000	934.107205	-2.598257
11.645508	0.345679	11.914062	865.000000	930.130975	-2.214520
11.669922	-1.654321	11.938477	897.000000	925.075944	-0.937428
11.694336	-2.654321	11.962891	958.000000	921.140129	1.190888
11.718750	0.345679	11.987305	909.000000	916.673630	-0.254518
11.743164	-1.654321	12.011719	871.000000	913.323712	-1.434084
11.767578	-0.654321	12.036133	875.000000	908.343894	-1.127229
11.791992	2.345679	12.060547	900.000000	903.934658	-0.131155
11.816406	-1.654321	12.084961	887.000000	901.190045	-0.476455
11.840820	0.345679	12.109375	867.000000	899.006010	-1.086981
11.865234	-1.654321	12.133789	866.000000	896.831749	-1.047705
11.889648	0.345679	12.158203	873.000000	892.474030	-0.659096
11.914062	0.345679	12.182617	889.000000	888.135811	0.028984
11.938477	-1.654321	12.207031	891.000000	886.010195	0.167165
11.962891	0.345679	12.231445	848.000000	882.249199	-1.176122
11.987305	-0.654321	12.255859	938.000000	878.505034	1.942580
12.011719	1.345679	12.280273	874.000000	875.325921	-0.044850
12.036133	-1.654321	12.304687	808.000000	871.612737	-2.237888
12.060547	-0.654321	12.329102	873.000000	868.464467	0.153505
12.084961	2.345679	12.353516	836.000000	865.878583	-1.033372
12.109375	3.345679	12.377930	845.000000	861.111082	-0.554238
12.133789	3.345679	12.402344	891.000000	858.009807	1.105213
12.158203	-0.654321	12.426758	893.000000	853.825816	1.310914
12.182617	-0.654321	12.451172	814.000000	850.208846	-1.269119
12.207031	3.345679	12.475586	890.000000	847.156358	1.436122
12.231445	0.345679	12.500000	794.000000	844.117531	-1.778605
12.255859	0.345679	12.524414	874.000000	838.899114	1.187305
12.280273	1.345679	12.548828	793.000000	835.348940	-1.503855
12.304687	0.345679	12.573242	800.000000	831.266357	-1.105433
12.329102	1.345679	12.597656	796.000000	827.750340	-1.125361
12.353516	2.345679	12.622070	814.000000	824.250058	-0.359264
12.377930	-1.654321	12.646484	822.000000	819.668845	0.081308
12.402344	1.345679	12.670898	811.000000	817.301321	-0.221269
12.426758	-0.654321	12.695312	816.000000	813.299501	0.094536
12.451172	0.345679	12.719727	842.000000	809.863886	1.107484
12.475586	1.345679	12.744141	847.000000	805.895349	1.412373
12.500000	1.345679	12.768555	803.000000	800.847976	0.075943
12.524414	-2.654321	12.792969	784.000000	797.468082	-0.481003
12.548828	0.345679	12.817383	787.000000	793.006719	-0.214116
12.573242	-0.654321	12.841797	801.000000	789.661914	0.400612
12.597656	0.345679	12.866211	830.000000	786.332077	1.515736
12.622070	0.345679	12.890625	786.000000	783.017142	0.106395
12.646484	-1.654321	12.915039	777.000000	779.168743	-0.077803
12.670898	2.345679	12.939453	799.000000	774.240973	0.875911
12.695312	-0.654321	12.963867	736.000000	769.883551	-1.248964
12.719727	0.345679	12.988281	756.000000	764.997331	-0.327230
12.744141	-0.654321	13.012695	747.000000	761.777869	-0.540694
12.768555	-2.654321	13.037109	728.000000	758.024516	-1.112783
12.792969	0.345679	13.061523	776.000000	754.287960	0.779417
12.817383	-1.654321	13.085937	779.000000	750.019828	1.038322
12.841797	0.345679	13.110352	778.000000	747.963984	1.076843
12.866211	0.345679	13.134766	764.000000	743.724152	0.733554
12.890625	0.345679	13.159180	770.000000	742.244778	1.000229
12.915039	-0.654321	13.183594	741.000000	738.578836	0.088944
12.939453	-2.654321	13.208008	756.000000	735.477596	0.746393
12.963867	-1.654321	13.232422	759.000000	731.293641	1.005677
12.988281	-2.654321	13.256836	751.000000	727.128409	0.871087
13.012695	0.345679	13.281250	755.000000	723.530113	1.145306
13.037109	-0.654321	13.305664	751.000000	719.947919	1.133107
13.061523	-0.654321	13.330078	667.000000	718.026647	-1.975760
13.085937	-1.654321	13.354492	734.000000	715.565675	0.680423
13.110352	2.345679	13.378906	713.000000	714.760607	-0.065935
13.134766	-1.654321	13.403320	723.000000	710.669361	0.458581
13.159180	3.345679	13.427734	712.000000	706.596422	0.202508
13.183594	-0.654321	13.452148	704.000000	703.638304	0.013632
13.208008	0.345679	13.476562	729.000000	699.596829	1.089006
13.232422	-1.654321	13.500977	697.000000	697.766628	-0.029038
13.256836	-1.654321	13.525391	757.000000	694.299726	2.278880
13.281250	-0.654321	13.549805	715.000000	690.300042	0.923726
13.305664	-0.654321	13.574219	742.000000	688.511444	1.963627
13.330078	2.345679	13.598633	681.000000	686.730850	-0.219607
13.354492	1.345679	13.623047	697.000000	683.861630	0.497651
13.378906	4.345679	13.647461	697.000000	681.553547	0.585076
13.403320	-1.654321	13.671875	682.000000	679.255793	0.105081
13.427734	-1.654321	13.696289	688.000000	675.871727	0.462386
13.452148	0.345679	13.720703	693.000000	673.599399	0.736968
13.476562	-1.654321	13.745117	688.000000	670.788943	0.656165
13.500977	2.345679	13.769531	652.000000	669.087657	-0.669204
13.525391	-0.654321	13.793945	654.000000	666.297391	-0.480866
13.549805	-1.654321	13.818359	678.000000	665.164502	0.492944
13.574219	2.345679	13.842773	658.000000	663.488386	-0.213960
13.598633	2.345679	13.867187	694.000000	661.819770	1.221545
13.623047	0.345679	13.891602	664.000000	657.965434	0.234187
13.647461	1.345679	13.916016	697.000000	655.773237	1.561575
13.671875	1.345679	13.940430	680.000000	653.590849	1.012745
13.696289	-0.654321	13.964844	655.000000	650.869931	0.161375
13.720703	1.345679	13.989258	628.000000	646.516298	-0.738881
13.745117	0.345679	14.013672	674.000000	644.923633	1.119980
13.769531	2.345679	14.038086	675.000000	641.144907	1.303083
13.793945	0.345679	14.062500	664.000000	637.931387	1.011658
13.818359	3.345679	14.086914	585.000000	635.828843	-2.101514
13.842773	2.345679	14.111328	620.000000	633.735707	-0.551639
13.867187	2.345679	14.135742	680.000000	631.103640	1.875090
13.891602	-1.654321	14.160156	658.000000	629.579947	1.107929
13.916016	1.345679	14.184570	646.000000	626.966478	0.748864
13.940430	1.345679	14.208984	604.000000	624.364704	-0.828628
13.964844	0.345679	14.233398	595.000000	621.226276	-1.075172
13.989258	-2.654321	14.257812	594.000000	619.198486	-1.033906
14.013672	2.345679	14.282227	621.000000	617.728068	0.131298
14.038086	-1.654321	14.306641	624.000000	616.264230	0.309679
14.062500	-0.654321	14.331055	622.000000	612.613755	0.376354
14.086914	1.345679	14.355469	603.000000	610.076210	-0.288166
14.111328	1.345679	14.379883	630.000000	607.360485	0.901980
14.135742	0.345679	14.404297	587.000000	604.656914	-0.728779
14.160156	2.345679	14.428711	615.000000	601.965440	0.525604
14.184570	0.345679	14.453125	600.000000	599.286011	0.029148
14.208984	0.345679	14.477539	611.000000	596.618573	0.581810
14.233398	-0.654321	14.501953	640.000000	593.963071	1.819769
14.257812	1.345679	14.526367	608.000000	591.319453	0.676485
14.282227	2.345679	14.550781	587.000000	588.687665	-0.069657
14.306641	2.345679	14.575195	576.000000	586.067655	-0.419486
14.331055	-1.654321	14.599609	599.000000	583.459368	0.634973
14.355469	0.345679	14.624023	629.000000	580.862754	1.919358
14.648437	584.000000	578.277760	0.236788
14.672852	538.000000	575.704334	-1.625549
14.697266	623.000000	573.142423	1.997502
14.721680	607.000000	570.591978	1.477756
14.746094	586.000000	568.052945	0.741386
14.770508	573.000000	565.525275	0.312261
14.794922	600.000000	563.008916	1.510155
14.819336	580.000000	560.503818	0.809535
14.843750	558.000000	558.009930	-0.000420
14.868164	558.000000	555.527202	0.104682
14.892578	552.000000	553.055585	-0.044929
14.916992	567.000000	550.595028	0.688944
14.941406	569.000000	548.145482	0.874267
14.965820	584.000000	545.706897	1.584580
14.990234	534.000000	543.279226	-0.401551
15.014648	558.000000	540.862418	0.725492
15.039062	577.000000	538.456425	1.604590
15.063477	547.000000	536.061200	0.467709
15.087891	573.000000	533.676693	1.642755
15.112305	500.000000	531.302856	-1.399906
15.136719	545.000000	528.939643	0.687950
15.161133	557.000000	526.587005	1.288640
15.185547	567.000000	524.244895	1.795546
15.209961	515.000000	521.913266	-0.304635
15.234375	549.000000	519.592071	1.255100
15.258789	541.000000	517.281263	1.019748
15.283203	528.000000	514.980796	0.566588
15.307617	518.000000	512.690624	0.233281
15.332031	537.000000	510.410700	1.147413
15.356445	565.000000	508.140979	2.392077
15.380859	523.000000	505.881416	0.748543
15.405273	495.000000	503.631963	-0.387978
15.429687	521.000000	501.392577	0.859017
15.454102	530.000000	499.163212	1.339464
15.478516	498.000000	496.943824	0.047328
15.502930	507.000000	494.734367	0.544736
15.527344	537.000000	492.534798	1.918815
15.551758	476.000000	490.345072	-0.657505
15.576172	516.000000	488.165145	1.225361
15.600586	513.000000	485.994973	1.192301
15.625000	507.000000	483.834512	1.028815
15.649414	477.000000	481.683720	-0.214453
15.673828	496.000000	479.542552	0.738961
15.698242	478.000000	477.410966	0.026942
15.722656	456.000000	475.288919	-0.903286
15.747070	508.000000	473.176368	1.545049
15.771484	481.000000	471.073271	0.452620
15.795898	507.000000	468.979585	1.688546
15.820312	443.000000	466.895269	-1.135298
15.844727	503.000000	464.820280	1.702350
15.869141	497.000000	462.754576	1.536117
15.893555	496.000000	460.698116	1.585101
15.917969	471.000000	458.650860	0.569018
15.942383	487.000000	456.612764	1.376977
15.966797	481.000000	454.583789	1.204476
15.991211	486.000000	452.563894	1.516693
16.015625	454.000000	450.553038	0.161774
16.040039	456.000000	448.551180	0.348823
16.064453	493.000000	446.558281	2.091630
16.088867	468.000000	444.574300	1.082853
16.113281	471.000000	442.599197	1.308640
16.137695	473.000000	440.632933	1.488239
16.162109	499.000000	438.675468	2.700497
16.186523	439.000000	436.726762	0.108496
16.210937	490.000000	434.786777	2.494279
16.235352	455.000000	432.855474	1.038151
16.259766	447.000000	430.932813	0.759952
16.284180	458.000000	429.018756	1.354205
16.308594	446.000000	427.113264	0.894313
16.333008	426.000000	425.216299	0.037970
16.357422	432.000000	423.327824	0.417240
16.381836	459.000000	421.447799	1.752787
16.406250	438.000000	419.576187	0.880324
16.430664	456.000000	417.712951	1.792955
16.455078	419.000000	415.858053	0.153494
16.479492	438.000000	414.011456	1.146217
16.503906	419.000000	412.173122	0.333515
16.528320	443.000000	410.343015	1.551580
16.552734	415.000000	408.521097	0.318037
16.577148	403.000000	406.707332	-0.184675
16.601562	416.000000	404.901685	0.544140
16.625977	457.000000	403.104117	2.521143
16.650391	406.000000	401.314593	0.232533
16.674805	412.000000	399.533078	0.614201
16.699219	435.000000	397.759535	1.785544
16.723633	385.000000	395.993928	-0.560302
16.748047	434.000000	394.236223	1.908722
16.772461	463.000000	392.486383	3.277046
16.796875	402.000000	390.744374	0.561380
16.821289	426.000000	389.010161	1.792164
16.845703	388.000000	387.283708	0.036364
16.870117	415.000000	385.564981	1.444908
16.894531	420.000000	383.853945	1.763747
16.918945	384.000000	382.150566	0.094379
16.943359	388.000000	380.454810	0.383049
16.967773	437.000000	378.766642	2.785679
16.992187	403.000000	377.086029	1.290867
17.016602	376.000000	375.412936	0.030275
17.041016	414.000000	373.747331	1.978311
17.065430	423.000000	372.089179	2.475369
17.089844	392.000000	370.438448	1.089023
17.114258	374.000000	368.795103	0.269139
17.138672	406.000000	367.159113	1.927641
17.163086	362.000000	365.530443	-0.185556
17.187500	365.000000	363.909062	0.057102
17.211914	390.000000	362.294937	1.402900
17.236328	352.000000	360.688034	-0.463074
17.260742	396.000000	359.088323	1.854882
17.285156	426.000000	357.495770	3.319041
17.309570	408.000000	355.910344	2.578822
17.333984	390.000000	354.332013	1.806119
17.358398	376.000000	352.760745	1.198473
17.382812	352.000000	351.196509	0.042826
17.407227	370.000000	349.639272	1.058504
17.431641	364.000000	348.089004	0.833963
17.456055	394.000000	346.545673	2.390714
17.480469	378.000000	345.009249	1.696861
17.504883	394.000000	343.479700	2.545176
17.529297	375.000000	341.956996	1.706333
17.553711	382.000000	340.441106	2.126338
17.578125	371.000000	338.932000	1.664888
17.602539	355.000000	337.429647	0.932538
17.626953	373.000000	335.934017	1.919204
17.651367	349.000000	334.445080	0.779107
17.675781	358.000000	332.962806	1.323257
17.700195	389.000000	331.487165	2.916016
17.724609	348.000000	330.018128	0.963930
17.749023	377.000000	328.555665	2.495010
17.773437	410.000000	327.099746	4.094152
17.797852	375.000000	325.650342	2.548405
17.822266	337.000000	324.207425	0.696856
17.846680	322.000000	322.770964	-0.042964
17.871094	340.000000	321.340932	1.011930
17.895508	348.000000	319.917299	1.505391
17.919922	354.000000	318.500037	1.886802
17.944336	334.000000	317.089117	0.925322
17.968750	335.000000	315.684511	1.055318
17.993164	347.000000	314.286191	1.756169
18.017578	300.000000	312.894128	-0.744443
18.041992	335.000000	311.508295	1.283489
18.066406	301.000000	310.128663	-0.526167
18.090820	346.000000	308.755205	2.002293
18.115234	308.000000	307.387893	0.034878
18.139648	339.000000	306.026700	1.790864
18.164062	274.000000	304.671599	-1.852939
18.188477	329.000000	303.322561	1.415643
18.212891	298.000000	301.979561	-0.230530
18.237305	347.000000	300.642570	2.488597
18.261719	308.000000	299.311562	0.495070
18.286133	359.000000	297.986511	3.220169
18.310547	306.000000	296.667389	0.533510
18.334961	308.000000	295.354171	0.720563
18.359375	287.000000	294.046829	-0.415961
18.383789	314.000000	292.745337	1.199470
18.408203	314.000000	291.449669	1.272589
18.432617	295.000000	290.159800	0.281807
18.457031	309.000000	288.875703	1.144831
18.481445	308.000000	287.597352	1.162549
18.505859	318.000000	286.324722	1.776261
18.530273	322.000000	285.057787	2.058709
18.554687	313.000000	283.796521	1.650678
18.579102	296.000000	282.540900	0.782294
18.603516	298.000000	281.290897	0.967932
18.627930	274.000000	280.046488	-0.365282
18.652344	299.000000	278.807648	1.167754
18.676758	289.000000	277.574352	0.672097
18.701172	293.000000	276.346575	0.972903
18.725586	295.000000	275.124292	1.157208
18.750000	261.000000	273.907479	-0.798953
18.774414	273.000000	272.696111	0.018392
18.798828	287.000000	271.490164	0.915517
18.823242	259.000000	270.289613	-0.701502
18.847656	287.000000	269.094435	1.056932
18.872070	284.000000	267.904606	0.955086
18.896484	291.000000	266.720101	1.423313
18.920898	304.000000	265.540896	2.205781
18.945312	306.000000	264.366969	2.380002
18.969727	291.000000	263.198295	1.629765
18.994141	286.000000	262.034850	1.417089
19.018555	261.000000	260.876612	0.007638
19.042969	280.000000	259.723558	1.211749
19.067383	271.000000	258.575663	0.754725
19.091797	289.000000	257.432905	1.856888
19.116211	256.000000	256.295261	-0.018454
19.140625	269.000000	255.162707	0.843675
19.165039	294.000000	254.035222	2.330793
19.189453	284.000000	252.912783	1.844687
19.213867	261.000000	251.795366	0.569753
19.238281	256.000000	250.682950	0.332316
19.262695	270.000000	249.575512	1.242995
19.287109	268.000000	248.473030	1.192800
19.311523	254.000000	247.375481	0.415659
19.335937	280.000000	246.282844	2.014985
19.360352	256.000000	245.195096	0.675306
19.384766	259.000000	244.112216	0.925082
19.409180	234.000000	243.034182	-0.590583
19.433594	233.000000	241.960973	-0.587053
19.458008	257.000000	240.892565	1.004754
19.482422	284.000000	239.828939	2.621070
19.506836	251.000000	238.770073	0.771946
19.531250	233.000000	237.715945	-0.308952
19.555664	274.000000	236.666534	2.255397
19.580078	252.000000	235.621820	1.031728
19.604492	253.000000	234.581780	1.157944
19.628906	250.000000	233.546395	1.040617
19.653320	287.000000	232.515643	3.216110
19.677734	259.000000	231.489504	1.709419
19.702148	262.000000	230.467957	1.948056
19.726562	262.000000	229.450981	2.010885
19.750977	253.000000	228.438556	1.544165
19.775391	229.000000	227.430662	0.103705
19.799805	256.000000	226.427278	1.848295
19.824219	250.000000	225.428384	1.554045
19.848633	282.000000	224.433960	3.428008
19.873047	238.000000	223.443986	0.943526
19.897461	272.000000	222.458443	3.003898
19.921875	245.000000	221.477309	1.502810
19.946289	248.000000	220.500567	1.746216
19.970703	245.000000	219.528195	1.627334
19.995117	262.000000	218.560174	2.683721
20.019531	256.000000	217.596486	2.400220
20.043945	223.000000	216.637110	0.426091
20.068359	228.000000	215.682027	0.815778
20.092773	254.000000	214.731218	2.463942
20.117187	254.000000	213.784664	2.523335
20.141602	241.000000	212.842346	1.813794
20.166016	238.000000	211.904245	1.691537
20.190430	253.000000	210.970342	2.642382
20.214844	213.000000	210.040618	0.202774
20.239258	218.000000	209.115055	0.601764
20.263672	234.000000	208.193633	1.687015
20.288086	229.000000	207.276335	1.435540
20.312500	255.000000	206.363142	3.045758
20.336914	221.000000	205.454035	1.045735
20.361328	238.000000	204.548996	2.168307
20.385742	238.000000	203.648008	2.226709
20.410156	226.000000	202.751051	1.546497
20.434570	236.000000	201.858109	2.222448
20.458984	252.000000	200.969162	3.214641
20.483398	205.000000	200.084193	0.343335
20.507812	251.000000	199.203185	3.269386
20.532227	213.000000	198.326119	1.005438
20.556641	220.000000	197.452978	1.520120
20.581055	199.000000	196.583744	0.171284
20.605469	213.000000	195.718401	1.184116
20.629883	215.000000	194.856929	1.373746
20.654297	211.000000	193.999313	1.170376
20.678711	256.000000	193.145534	3.928404
20.703125	198.000000	192.295576	0.405396
20.727539	237.000000	191.449422	2.958828
20.751953	196.000000	190.607054	0.385210
20.776367	231.000000	189.768456	2.712836
20.800781	205.000000	188.933611	1.122125
20.825195	212.000000	188.102501	1.641287
20.849609	228.000000	187.275111	2.697072
20.874023	219.000000	186.451423	2.199429
20.898437	197.000000	185.631421	0.809978
20.922852	213.000000	184.815089	1.931198
20.947266	200.000000	184.002410	1.131200
20.971680	210.000000	183.193368	1.849833
20.996094	213.000000	182.367254	2.098921
21.020508	192.000000	181.590967	0.751207
21.044922	208.000000	180.787400	1.886854
21.069336	203.000000	179.895169	1.621641
21.093750	188.000000	179.083815	0.650280
21.118164	219.000000	178.276091	2.751867
21.142578	218.000000	177.487358	2.743862
21.166992	205.000000	176.656025	1.979629
21.191406	184.000000	175.874543	0.599017
21.215820	204.000000	175.081180	2.024722
21.240234	201.000000	174.322122	1.881712
