Name des Datensatzes:	BLOCK 2
Wiederholrate [ns]:	19.604
Zeit Shift [ns] (fest):	0.000
Offset (fest):	3.211

Komponente 1
tau [ns]:	5.621181
A:	0.632803
%:	100.000000
f:	1.000000

t_irf	irf	t	daten	fit	res
[ns]	counts (offset korrigiert)	[ns]			counts 
1.391602	1.345679	1.660156	260.000000	226.355214	2.086561
1.416016	-1.654321	1.684570	232.000000	226.288336	0.374989
1.440430	0.345679	1.708984	235.000000	226.632139	0.545859
1.464844	6.345679	1.733398	236.000000	225.170464	0.704943
1.489258	1.345679	1.757812	235.000000	225.748237	0.603518
1.513672	1.345679	1.782227	256.000000	226.963023	1.814811
1.538086	0.345679	1.806641	249.000000	225.614478	1.481997
1.562500	3.345679	1.831055	231.000000	227.994314	0.197760
1.586914	0.345679	1.855469	250.000000	227.920333	1.396441
1.611328	1.345679	1.879883	216.000000	225.059479	-0.616419
1.635742	-0.654321	1.904297	256.000000	223.375494	2.039032
1.660156	-1.654321	1.928711	224.000000	223.321529	0.045332
1.684570	1.345679	1.953125	251.000000	221.759639	1.845635
1.708984	2.345679	1.977539	237.000000	220.319081	1.083542
1.733398	-0.654321	2.001953	241.000000	219.228455	1.402428
1.757812	2.345679	2.026367	212.000000	217.044787	-0.346477
1.782227	3.345679	2.050781	244.000000	218.297292	1.645447
1.806641	-0.654321	2.075195	227.000000	218.675726	0.552501
1.831055	5.345679	2.099609	233.000000	219.921163	0.856823
1.855469	1.345679	2.124023	231.000000	218.603136	0.815654
1.879883	-2.654321	2.148437	242.000000	216.422178	1.644205
1.904297	-0.654321	2.172852	233.000000	213.840281	1.255195
1.928711	1.345679	2.197266	212.000000	212.434044	-0.029810
1.953125	-0.654321	2.221680	195.000000	216.379161	-1.530994
1.977539	-0.654321	2.246094	219.000000	215.486874	0.237395
2.001953	-0.654321	2.270508	213.000000	215.352535	-0.161193
2.026367	-1.654321	2.294922	216.000000	214.283433	0.116798
2.050781	3.345679	2.319336	230.000000	213.333528	1.098955
2.075195	2.345679	2.343750	207.000000	213.666772	-0.463373
2.099609	3.345679	2.368164	231.000000	212.261287	1.232917
2.124023	-0.654321	2.392578	225.000000	211.501410	0.899906
2.148437	-1.654321	2.416992	201.000000	210.563561	-0.674562
2.172852	-2.654321	2.441406	222.000000	208.646571	0.896223
2.197266	-0.654321	2.465820	214.000000	209.295956	0.321562
2.221680	7.345679	2.490234	215.000000	210.696606	0.293489
2.246094	0.345679	2.514648	229.000000	215.174206	0.913634
2.270508	1.345679	2.539062	234.000000	217.828415	1.057170
2.294922	-0.654321	2.563477	204.000000	223.783267	-1.385106
2.319336	-0.654321	2.587891	230.000000	229.893576	0.007017
2.343750	1.345679	2.612305	256.000000	235.042061	1.309871
2.368164	-0.654321	2.636719	226.000000	242.497173	-1.097376
2.392578	0.345679	2.661133	230.000000	257.708740	-1.827060
2.416992	-0.654321	2.685547	300.000000	268.492330	1.819096
2.441406	-1.654321	2.709961	308.000000	302.891304	0.291095
2.465820	2.345679	2.734375	342.000000	366.740233	-1.337799
2.490234	3.345679	2.758789	403.000000	485.654580	-4.117318
2.514648	8.345679	2.783203	607.000000	625.682581	-0.758303
2.539062	5.345679	2.807617	828.000000	826.611895	0.048240
2.563477	10.345679	2.832031	1157.000000	1085.505959	2.101857
2.587891	11.345679	2.856445	1501.000000	1373.106186	3.301104
2.612305	9.345679	2.880859	1795.000000	1693.173130	2.403423
2.636719	13.345679	2.905273	2285.000000	2021.102026	5.520685
2.661133	25.345679	2.929687	2571.000000	2343.887205	4.479098
2.685547	18.345679	2.954102	3079.000000	2626.787928	8.149619
2.709961	55.345679	2.978516	3292.000000	2896.082670	6.900405
2.734375	102.345679	3.002930	3481.000000	3137.694327	5.818740
2.758789	188.345679	3.027344	3932.000000	3381.227343	8.783460
2.783203	222.345679	3.051758	3911.000000	3566.377555	5.510610
2.807617	318.345679	3.076172	3999.000000	3734.097926	4.188993
2.832031	410.345679	3.100586	4220.000000	3865.278493	5.460486
2.856445	457.345679	3.125000	4320.000000	3965.079183	5.399948
2.880859	509.345679	3.149414	4389.000000	4050.148862	5.114771
2.905273	524.345679	3.173828	4411.000000	4106.825692	4.579879
2.929687	518.345679	3.198242	4451.000000	4144.596348	4.592669
2.954102	458.345679	3.222656	4473.000000	4183.826036	4.323742
2.978516	439.345679	3.247070	4430.000000	4202.306612	3.420964
3.002930	397.345679	3.271484	4570.000000	4217.509512	5.214219
3.027344	402.345679	3.295898	4431.000000	4225.497280	3.087214
3.051758	312.345679	3.320312	4424.000000	4236.466749	2.819491
3.076172	286.345679	3.344727	4473.000000	4241.814292	3.456699
3.100586	230.345679	3.369141	4531.000000	4241.316308	4.303552
3.125000	182.345679	3.393555	4549.000000	4242.280781	4.547608
3.149414	160.345679	3.417969	4422.000000	4244.634670	2.667223
3.173828	116.345679	3.442383	4394.000000	4235.877447	2.385414
3.198242	87.345679	3.466797	4513.000000	4234.192861	4.150221
3.222656	89.345679	3.491211	4354.000000	4236.467238	1.781208
3.247070	57.345679	3.515625	4425.000000	4232.976108	2.886680
3.271484	52.345679	3.540039	4419.000000	4226.646214	2.893602
3.295898	41.345679	3.564453	4386.000000	4223.426773	2.454792
3.320312	45.345679	3.588867	4350.000000	4215.448840	2.040059
3.344727	37.345679	3.613281	4458.000000	4208.736653	3.733261
3.369141	27.345679	3.637695	4327.000000	4204.611622	1.860573
3.393555	30.345679	3.662109	4335.000000	4194.977945	2.126679
3.417969	32.345679	3.686523	4468.000000	4183.877858	4.250583
3.442383	15.345679	3.710937	4260.000000	4176.481713	1.279608
3.466797	26.345679	3.735352	4342.000000	4166.215865	2.667686
3.491211	32.345679	3.759766	4219.000000	4155.240427	0.981614
3.515625	23.345679	3.784180	4230.000000	4148.607908	1.251446
3.540039	18.345679	3.808594	4344.000000	4136.248482	3.152095
3.564453	23.345679	3.833008	4214.000000	4131.387694	1.272616
3.588867	15.345679	3.857422	4195.000000	4119.627851	1.163710
3.613281	18.345679	3.881836	4132.000000	4111.116556	0.324879
3.637695	22.345679	3.906250	4283.000000	4097.936405	2.827789
3.662109	13.345679	3.930664	4237.000000	4086.321533	2.314845
3.686523	11.345679	3.955078	4129.000000	4077.840019	0.796174
3.710937	16.345679	3.979492	4094.000000	4063.868737	0.470916
3.735352	12.345679	4.003906	4170.000000	4053.565978	1.803067
3.759766	11.345679	4.028320	4021.000000	4045.570109	-0.387472
3.784180	17.345679	4.052734	4009.000000	4041.331430	-0.510631
3.808594	8.345679	4.077148	3996.000000	4032.634504	-0.579532
3.833008	20.345679	4.101562	4008.000000	4022.877499	-0.234999
3.857422	9.345679	4.125977	4075.000000	4016.064535	0.923236
3.881836	14.345679	4.150391	4072.000000	4006.083514	1.032976
3.906250	7.345679	4.174805	4087.000000	3996.031185	1.422952
3.930664	9.345679	4.199219	3965.000000	3985.039216	-0.318243
3.955078	14.345679	4.223633	3925.000000	3974.028182	-0.782575
3.979492	5.345679	4.248047	4001.000000	3960.688066	0.637308
4.003906	11.345679	4.272461	3965.000000	3948.799359	0.257283
4.028320	14.345679	4.296875	3863.000000	3935.912269	-1.173109
4.052734	20.345679	4.321289	3914.000000	3924.999579	-0.175819
4.077148	13.345679	4.345703	3794.000000	3914.019619	-1.948514
4.101562	12.345679	4.370117	3944.000000	3902.676854	0.657999
4.125977	16.345679	4.394531	4032.000000	3889.875086	2.238257
4.150391	11.345679	4.418945	3934.000000	3876.489283	0.916920
4.174805	11.345679	4.443359	3945.000000	3863.046927	1.304793
4.199219	10.345679	4.467773	3734.000000	3850.531471	-1.907024
4.223633	9.345679	4.492187	3747.000000	3837.545301	-1.479190
4.248047	6.345679	4.516602	3814.000000	3830.371062	-0.265086
4.272461	8.345679	4.541016	3710.000000	3816.374494	-1.746427
4.296875	6.345679	4.565430	3754.000000	3805.865295	-0.846505
4.321289	9.345679	4.589844	3662.000000	3792.164454	-2.150964
4.345703	9.345679	4.614258	3691.000000	3777.243958	-1.419569
4.370117	8.345679	4.638672	3714.000000	3764.946190	-0.835970
4.394531	6.345679	4.663086	3762.000000	3750.143652	0.193304
4.418945	5.345679	4.687500	3623.000000	3738.602849	-1.920589
4.443359	5.345679	4.711914	3655.000000	3727.112062	-1.192791
4.467773	6.345679	4.736328	3544.000000	3716.310590	-2.894444
4.492187	5.345679	4.760742	3661.000000	3704.276896	-0.715247
4.516602	14.345679	4.785156	3612.000000	3691.016321	-1.314749
4.541016	4.345679	4.809570	3713.000000	3679.731764	0.545968
4.565430	9.345679	4.833984	3691.000000	3667.217079	0.391465
4.589844	4.345679	4.858398	3732.000000	3655.396147	1.253949
4.614258	2.345679	4.882812	3568.000000	3641.707895	-1.233961
4.638672	6.345679	4.907227	3558.000000	3631.916065	-1.239184
4.663086	2.345679	4.931641	3586.000000	3618.969087	-0.550556
4.687500	7.345679	4.956055	3475.000000	3605.438703	-2.212733
4.711914	7.345679	4.980469	3513.000000	3591.966956	-1.332313
4.736328	8.345679	5.004883	3527.000000	3577.274560	-0.846536
4.760742	6.345679	5.029297	3552.000000	3562.645838	-0.178625
4.785156	4.345679	5.053711	3428.000000	3549.999065	-2.083704
4.809570	7.345679	5.078125	3370.000000	3538.686133	-2.905791
4.833984	5.345679	5.102539	3330.000000	3522.306096	-3.332506
4.858398	6.345679	5.126953	3351.000000	3514.310764	-2.821159
4.882812	3.345679	5.151367	3415.000000	3502.512982	-1.497536
4.907227	9.345679	5.175781	3341.000000	3489.487296	-2.568923
4.931641	4.345679	5.200195	3331.000000	3474.599510	-2.488087
4.956055	3.345679	5.224609	3417.000000	3462.973829	-0.786481
4.980469	3.345679	5.249023	3318.000000	3448.200948	-2.260351
5.004883	1.345679	5.273437	3277.000000	3435.410640	-2.767236
5.029297	1.345679	5.297852	3359.000000	3422.036246	-1.087640
5.053711	4.345679	5.322266	3333.000000	3409.359331	-1.322649
5.078125	6.345679	5.346680	3189.000000	3398.016388	-3.701290
5.102539	-1.654321	5.371094	3333.000000	3386.722603	-0.930549
5.126953	11.345679	5.395508	3289.000000	3373.559214	-1.474446
5.151367	5.345679	5.419922	3208.000000	3362.371422	-2.725522
5.175781	3.345679	5.444336	3109.000000	3348.034532	-4.286968
5.200195	0.345679	5.468750	3149.000000	3335.678326	-3.326654
5.224609	5.345679	5.493164	3162.000000	3322.736153	-2.858463
5.249023	0.345679	5.517578	3191.000000	3307.931518	-2.069990
5.273437	3.345679	5.541992	3133.000000	3295.749111	-2.907625
5.297852	2.345679	5.566406	3159.000000	3284.898533	-2.239989
5.322266	3.345679	5.590820	3188.000000	3272.176430	-1.490841
5.346680	5.345679	5.615234	3104.000000	3257.590911	-2.756796
5.371094	5.345679	5.639648	3065.000000	3244.347637	-3.239518
5.395508	2.345679	5.664062	3091.000000	3231.161756	-2.521042
5.419922	5.345679	5.688477	3072.000000	3220.591088	-2.680910
5.444336	0.345679	5.712891	2979.000000	3208.147680	-4.198365
5.468750	3.345679	5.737305	2967.000000	3196.397717	-4.211437
5.493164	2.345679	5.761719	3035.000000	3187.256743	-2.763740
5.517578	-0.654321	5.786133	3029.000000	3173.039250	-2.617166
5.541992	3.345679	5.810547	3035.000000	3160.162406	-2.271928
5.566406	5.345679	5.834961	3175.000000	3149.259918	0.456813
5.590820	2.345679	5.859375	3110.000000	3137.125647	-0.486407
5.615234	-0.654321	5.883789	2961.000000	3124.404446	-3.002926
5.639648	1.345679	5.908203	3003.000000	3111.738376	-1.984290
5.664062	1.345679	5.932617	3006.000000	3101.045749	-1.733557
5.688477	5.345679	5.957031	3028.000000	3088.480911	-1.099108
5.712891	2.345679	5.981445	2887.000000	3075.970527	-3.516986
5.737305	3.345679	6.005859	2972.000000	3064.793394	-1.702130
5.761719	7.345679	6.030273	2849.000000	3050.467117	-3.774487
5.786133	-0.654321	6.054687	3041.000000	3039.400511	0.029005
5.810547	1.345679	6.079102	2894.000000	3025.823799	-2.450443
5.834961	4.345679	6.103516	2863.000000	3016.143026	-2.862112
5.859375	2.345679	6.127930	2872.000000	3007.783241	-2.533693
5.883789	1.345679	6.152344	2813.000000	2996.901619	-3.467374
5.908203	1.345679	6.176758	2800.000000	2984.788122	-3.492167
5.932617	4.345679	6.201172	2841.000000	2971.448089	-2.447384
5.957031	1.345679	6.225586	2825.000000	2958.165869	-2.505438
5.981445	1.345679	6.250000	2776.000000	2945.580729	-3.218598
6.005859	3.345679	6.274414	2747.000000	2934.968681	-3.586379
6.030273	-1.654321	6.298828	2814.000000	2923.763106	-2.069161
6.054687	3.345679	6.323242	2871.000000	2912.606094	-0.776498
6.079102	-0.654321	6.347656	2760.000000	2900.218401	-2.669012
6.103516	5.345679	6.372070	2749.000000	2887.244877	-2.636706
6.127930	7.345679	6.396484	2766.000000	2874.967095	-2.071902
6.152344	3.345679	6.420898	2843.000000	2862.103006	-0.358272
6.176758	1.345679	6.445312	2679.000000	2851.852733	-3.339565
6.201172	-0.654321	6.469727	2742.000000	2840.367851	-1.878536
6.225586	-0.654321	6.494141	2772.000000	2830.851291	-1.117788
6.250000	0.345679	6.518555	2772.000000	2818.817908	-0.889233
6.274414	3.345679	6.542969	2660.000000	2805.557642	-2.822242
6.298828	2.345679	6.567383	2797.000000	2793.633876	0.063648
6.323242	2.345679	6.591797	2702.000000	2782.401303	-1.546751
6.347656	0.345679	6.616211	2732.000000	2771.217409	-0.750306
6.372070	-0.654321	6.640625	2711.000000	2759.442468	-0.930382
6.396484	0.345679	6.665039	2671.000000	2747.718556	-1.484443
6.420898	-0.654321	6.689453	2651.000000	2736.684971	-1.664178
6.445312	3.345679	6.713867	2636.000000	2724.420170	-1.722180
6.469727	1.345679	6.738281	2533.000000	2712.208522	-3.560747
6.494141	4.345679	6.762695	2623.000000	2700.689314	-1.516918
6.518555	0.345679	6.787109	2613.000000	2690.499061	-1.516096
6.542969	-1.654321	6.811523	2597.000000	2679.073937	-1.610532
6.567383	0.345679	6.835937	2656.000000	2667.058811	-0.214583
6.591797	1.345679	6.860352	2584.000000	2658.293340	-1.461516
6.616211	1.345679	6.884766	2524.000000	2645.728756	-2.422973
6.640625	0.345679	6.909180	2533.000000	2633.858142	-2.003980
6.665039	0.345679	6.933594	2618.000000	2622.678489	-0.091437
6.689453	1.345679	6.958008	2547.000000	2612.186803	-1.291651
6.713867	-0.654321	6.982422	2699.000000	2599.182520	1.921344
6.738281	-0.654321	7.006836	2590.000000	2588.792661	0.023724
6.762695	0.345679	7.031250	2513.000000	2577.168797	-1.280052
6.787109	2.345679	7.055664	2609.000000	2568.153375	0.799685
6.811523	0.345679	7.080078	2545.000000	2559.177024	-0.281023
6.835937	-0.654321	7.104492	2527.000000	2547.681509	-0.411414
6.860352	4.345679	7.128906	2554.000000	2537.514846	0.326199
6.884766	-1.654321	7.153320	2456.000000	2526.113209	-1.414769
6.909180	-0.654321	7.177734	2506.000000	2514.760986	-0.175010
6.933594	0.345679	7.202148	2425.000000	2504.097477	-1.606226
6.958008	1.345679	7.226562	2455.000000	2496.677766	-0.841160
6.982422	-2.654321	7.250977	2478.000000	2486.732143	-0.175416
7.006836	1.345679	7.275391	2320.000000	2474.911073	-3.216166
7.031250	-0.654321	7.299805	2410.000000	2465.059783	-1.121569
7.055664	3.345679	7.324219	2351.000000	2453.972153	-2.123702
7.080078	3.345679	7.348633	2384.000000	2443.572092	-1.220084
7.104492	-0.654321	7.373047	2377.000000	2432.577586	-1.139948
7.128906	1.345679	7.397461	2383.000000	2421.630728	-0.791354
7.153320	-0.654321	7.421875	2397.000000	2412.010344	-0.306589
7.177734	-0.654321	7.446289	2411.000000	2404.350204	0.135428
7.202148	0.345679	7.470703	2433.000000	2395.444228	0.761387
7.226562	5.345679	7.495117	2284.000000	2385.937333	-2.132972
7.250977	1.345679	7.519531	2328.000000	2376.471638	-1.004607
7.275391	-1.654321	7.543945	2284.000000	2367.046965	-1.737704
7.299805	1.345679	7.568359	2415.000000	2358.302655	1.153730
7.324219	-0.654321	7.592773	2365.000000	2349.596240	0.316746
7.348633	0.345679	7.617187	2330.000000	2338.369490	-0.173389
7.373047	-0.654321	7.641602	2311.000000	2327.830912	-0.350113
7.397461	-0.654321	7.666016	2282.000000	2317.977523	-0.753136
7.421875	1.345679	7.690430	2297.000000	2306.887802	-0.206310
7.446289	4.345679	7.714844	2292.000000	2297.125176	-0.107054
7.470703	2.345679	7.739258	2247.000000	2289.323410	-0.892851
7.495117	1.345679	7.763672	2191.000000	2278.997388	-1.879960
7.519531	1.345679	7.788086	2245.000000	2269.995150	-0.527531
7.543945	1.345679	7.812500	2231.000000	2259.752893	-0.608740
7.568359	2.345679	7.836914	2122.000000	2250.834058	-2.796778
7.592773	2.345679	7.861328	2262.000000	2240.674841	0.448380
7.617187	-1.654321	7.885742	2174.000000	2231.838686	-1.240477
7.641602	-0.654321	7.910156	2196.000000	2221.122275	-0.536096
7.666016	0.345679	7.934570	2187.000000	2213.010374	-0.556189
7.690430	-1.654321	7.958984	2242.000000	2204.294111	0.796327
7.714844	0.345679	7.983398	2148.000000	2194.976107	-1.013584
7.739258	3.345679	8.007812	2113.000000	2186.338001	-1.595436
7.763672	-0.654321	8.032227	2147.000000	2177.737332	-0.663361
7.788086	1.345679	8.056641	2160.000000	2168.534419	-0.183631
7.812500	-0.654321	8.081055	2094.000000	2160.650424	-1.456514
7.836914	1.345679	8.105469	2130.000000	2151.521562	-0.466320
7.861328	-0.654321	8.129883	2056.000000	2143.071780	-1.920286
7.885742	1.345679	8.154297	2105.000000	2134.019102	-0.632496
7.910156	-1.654321	8.178711	2118.000000	2126.284689	-0.180017
7.934570	2.345679	8.203125	2055.000000	2117.944279	-1.388514
7.958984	1.345679	8.227539	2020.000000	2107.081948	-1.937548
7.983398	0.345679	8.251953	2078.000000	2099.464275	-0.470862
8.007812	1.345679	8.276367	2093.000000	2090.600583	0.052447
8.032227	1.345679	8.300781	2116.000000	2082.414821	0.730113
8.056641	0.345679	8.325195	2042.000000	2074.264535	-0.713999
8.081055	2.345679	8.349609	2026.000000	2064.231020	-0.849369
8.105469	0.345679	8.374023	2095.000000	2056.799055	0.834607
8.129883	1.345679	8.398437	2018.000000	2048.759783	-0.684735
8.154297	0.345679	8.422852	2118.000000	2041.394868	1.664543
8.178711	2.345679	8.447266	1972.000000	2033.422354	-1.383162
8.203125	1.345679	8.471680	2028.000000	2026.123908	0.041660
8.227539	-2.654321	8.496094	1960.000000	2017.578059	-1.300556
8.251953	2.345679	8.520508	1976.000000	2009.708763	-0.758314
8.276367	0.345679	8.544922	2020.000000	2003.792120	0.360621
8.300781	1.345679	8.569336	1959.000000	1995.982570	-0.835564
8.325195	1.345679	8.593750	1938.000000	1987.567347	-1.125949
8.349609	-1.654321	8.618164	2027.000000	1981.107145	1.019338
8.374023	2.345679	8.642578	2031.000000	1970.837840	1.334961
8.398437	1.345679	8.666992	1934.000000	1963.171107	-0.663322
8.422852	2.345679	8.691406	1995.000000	1954.898083	0.897829
8.447266	1.345679	8.715820	1933.000000	1949.858497	-0.383445
8.471680	2.345679	8.740234	1909.000000	1942.922201	-0.776392
8.496094	0.345679	8.764648	1934.000000	1934.097415	-0.002215
8.520508	1.345679	8.789062	1899.000000	1925.950391	-0.618447
8.544922	4.345679	8.813477	1855.000000	1919.117708	-1.488696
8.569336	1.345679	8.837891	1933.000000	1912.314637	0.470487
8.593750	0.345679	8.862305	1822.000000	1903.622498	-1.912210
8.618164	3.345679	8.886719	1898.000000	1896.247064	0.040236
8.642578	-2.654321	8.911133	1832.000000	1888.264076	-1.314524
8.666992	1.345679	8.935547	1818.000000	1882.234235	-1.506502
8.691406	0.345679	8.959961	1828.000000	1874.311976	-1.083191
8.715820	5.345679	8.984375	1839.000000	1866.424051	-0.639500
8.740234	2.345679	9.008789	1806.000000	1859.209827	-1.252083
8.764648	-0.654321	9.033203	1788.000000	1852.666385	-1.529308
8.789062	0.345679	9.057617	1824.000000	1844.232751	-0.473743
8.813477	2.345679	9.082031	1890.000000	1837.754216	1.201767
8.837891	2.345679	9.106445	1848.000000	1829.385209	0.433019
8.862305	-0.654321	9.130859	1762.000000	1824.250054	-1.482985
8.886719	1.345679	9.155273	1864.000000	1817.218604	1.083553
8.911133	0.345679	9.179687	1826.000000	1810.857144	0.354370
8.935547	3.345679	9.204102	1853.000000	1803.244220	1.155862
8.959961	0.345679	9.228516	1802.000000	1796.303806	0.134186
8.984375	0.345679	9.252930	1774.000000	1788.114436	-0.335109
9.008789	1.345679	9.277344	1768.000000	1781.239591	-0.314872
9.033203	2.345679	9.301758	1732.000000	1772.475990	-0.972576
9.057617	-0.654321	9.326172	1760.000000	1763.750369	-0.089396
9.082031	2.345679	9.350586	1826.000000	1756.341596	1.630133
9.106445	-0.654321	9.375000	1746.000000	1750.883482	-0.116871
9.130859	4.345679	9.399414	1752.000000	1743.530472	0.202345
9.155273	1.345679	9.423828	1699.000000	1736.848846	-0.918239
9.179687	2.345679	9.448242	1727.000000	1729.556659	-0.061521
9.204102	0.345679	9.472656	1723.000000	1721.017042	0.047772
9.228516	1.345679	9.497070	1754.000000	1714.432985	0.944753
9.252930	-0.654321	9.521484	1696.000000	1706.598427	-0.257353
9.277344	1.345679	9.545898	1765.000000	1698.797824	1.575796
9.301758	-1.654321	9.570312	1626.000000	1690.391510	-1.596865
9.326172	-1.654321	9.594727	1684.000000	1684.579694	-0.014126
9.350586	0.345679	9.619141	1614.000000	1677.514032	-1.580949
9.375000	3.345679	9.643555	1744.000000	1669.839474	1.775823
9.399414	0.345679	9.667969	1692.000000	1664.116727	0.677866
9.423828	1.345679	9.692383	1649.000000	1658.418781	-0.231945
9.448242	0.345679	9.716797	1648.000000	1652.106012	-0.101144
9.472656	-1.654321	9.741211	1686.000000	1647.099635	0.947381
9.497070	1.345679	9.765625	1582.000000	1640.835921	-1.479242
9.521484	-0.654321	9.790039	1600.000000	1633.959836	-0.848996
9.545898	-0.654321	9.814453	1685.000000	1625.195001	1.456926
9.570312	-1.654321	9.838867	1610.000000	1619.026218	-0.224954
9.594727	2.345679	9.863281	1617.000000	1611.605135	0.134161
9.619141	0.345679	9.887695	1598.000000	1604.216214	-0.155503
9.643555	-0.654321	9.912109	1615.000000	1596.859315	0.451406
9.667969	2.345679	9.936523	1615.000000	1592.731883	0.554112
9.692383	2.345679	9.960937	1581.000000	1588.622339	-0.191700
9.716797	1.345679	9.985352	1584.000000	1583.251571	0.018805
9.741211	3.345679	10.009766	1551.000000	1577.264563	-0.666905
9.765625	1.345679	10.034180	1582.000000	1570.663984	0.285008
9.790039	0.345679	10.058594	1532.000000	1564.731528	-0.836251
9.814453	-2.654321	10.083008	1582.000000	1558.824781	0.582667
9.838867	1.345679	10.107422	1555.000000	1554.222667	0.019713
9.863281	-0.654321	10.131836	1488.000000	1548.361464	-1.564798
9.887695	-0.654321	10.156250	1587.000000	1541.886146	1.132456
9.912109	-0.654321	10.180664	1511.000000	1534.799374	-0.612256
9.936523	4.345679	10.205078	1589.000000	1527.103797	1.552752
9.960937	4.345679	10.229492	1495.000000	1522.639156	-0.714832
9.985352	2.345679	10.253906	1521.000000	1516.914830	0.104748
10.009766	1.345679	10.278320	1507.000000	1511.215312	-0.108586
10.034180	0.345679	10.302734	1504.000000	1503.621945	0.009748
10.058594	1.345679	10.327148	1497.000000	1496.701002	0.007728
10.083008	1.345679	10.351562	1521.000000	1489.810054	0.799742
10.107422	3.345679	10.375977	1437.000000	1484.228003	-1.245866
10.131836	1.345679	10.400391	1546.000000	1476.751593	1.761185
10.156250	0.345679	10.424805	1469.000000	1473.144685	-0.108139
10.180664	-0.654321	10.449219	1451.000000	1466.355825	-0.403125
10.205078	-1.654321	10.473633	1498.000000	1459.596387	0.992239
10.229492	3.345679	10.498047	1481.000000	1454.784793	0.681202
10.253906	1.345679	10.522461	1490.000000	1449.354535	1.052977
10.278320	1.345679	10.546875	1482.000000	1444.587327	0.971840
10.302734	-1.654321	10.571289	1399.000000	1439.201262	-1.074808
10.327148	-0.654321	10.595703	1449.000000	1433.199023	0.415097
10.351562	-0.654321	10.620117	1433.000000	1429.141347	0.101932
10.375977	1.345679	10.644531	1428.000000	1424.461740	0.093632
10.400391	-1.654321	10.668945	1389.000000	1419.802412	-0.826482
10.424805	4.345679	10.693359	1341.000000	1413.884244	-1.990303
10.449219	-0.654321	10.717773	1471.000000	1409.270758	1.609476
10.473633	-0.654321	10.742187	1429.000000	1404.037749	0.660340
10.498047	2.345679	10.766602	1334.000000	1397.548385	-1.739909
10.522461	1.345679	10.791016	1365.000000	1392.366179	-0.740709
10.546875	2.345679	10.815430	1384.000000	1386.566914	-0.068999
10.571289	1.345679	10.839844	1391.000000	1379.513749	0.307974
10.595703	0.345679	10.864258	1406.000000	1373.130667	0.876593
10.620117	3.345679	10.888672	1338.000000	1368.054282	-0.821634
10.644531	2.345679	10.913086	1338.000000	1361.081347	-0.631005
10.668945	2.345679	10.937500	1331.000000	1357.975732	-0.739408
10.693359	0.345679	10.961914	1355.000000	1351.046476	0.107403
10.717773	2.345679	10.986328	1279.000000	1347.984350	-1.928925
10.742187	1.345679	11.010742	1292.000000	1344.295977	-1.454913
10.766602	-0.654321	11.035156	1273.000000	1338.705040	-1.841554
10.791016	1.345679	11.059570	1240.000000	1333.777849	-2.663112
10.815430	0.345679	11.083984	1287.000000	1327.592978	-1.131518
10.839844	-1.654321	11.108398	1288.000000	1322.713945	-0.967266
10.864258	-0.654321	11.132812	1295.000000	1317.216540	-0.617364
10.888672	1.345679	11.157227	1304.000000	1311.103442	-0.196712
10.913086	-1.654321	11.181641	1270.000000	1306.295872	-1.018487
10.937500	4.345679	11.206055	1275.000000	1300.869619	-0.724494
10.961914	-1.654321	11.230469	1267.000000	1294.827366	-0.781779
10.986328	4.345679	11.254883	1204.000000	1290.090333	-2.481082
11.010742	3.345679	11.279297	1174.000000	1284.094796	-3.213163
11.035156	0.345679	11.303711	1261.000000	1277.485725	-0.464248
11.059570	1.345679	11.328125	1214.000000	1270.905297	-1.633215
11.083984	-0.654321	11.352539	1217.000000	1266.271937	-1.412389
11.108398	1.345679	11.376953	1170.000000	1261.658657	-2.679665
11.132812	0.345679	11.401367	1245.000000	1258.344404	-0.378194
11.157227	-0.654321	11.425781	1257.000000	1252.486447	0.127307
11.181641	1.345679	11.450195	1201.000000	1245.374845	-1.280458
11.206055	0.345679	11.474609	1143.000000	1240.212612	-2.875408
11.230469	-0.654321	11.499023	1174.000000	1233.793718	-1.745105
11.254883	1.345679	11.523437	1210.000000	1228.042160	-0.518676
11.279297	-0.654321	11.547852	1196.000000	1222.955044	-0.779425
11.303711	-1.654321	11.572266	1153.000000	1217.889975	-1.911010
11.328125	-1.654321	11.596680	1176.000000	1212.846856	-1.074476
11.352539	1.345679	11.621094	1148.000000	1207.186077	-1.746822
11.376953	1.345679	11.645508	1189.000000	1202.189348	-0.382501
11.401367	3.345679	11.669922	1162.000000	1195.935240	-0.995515
11.425781	-0.654321	11.694336	1157.000000	1189.068719	-0.942790
11.450195	-2.654321	11.718750	1165.000000	1184.150506	-0.561070
11.474609	0.345679	11.743164	1153.000000	1177.974575	-0.735501
11.499023	-1.654321	11.767578	1186.000000	1172.464926	0.393023
11.523437	-0.654321	11.791992	1211.000000	1168.897705	1.209856
11.547852	0.345679	11.816406	1108.000000	1162.787876	-1.645942
11.572266	0.345679	11.840820	1126.000000	1157.983560	-0.953142
11.596680	0.345679	11.865234	1158.000000	1151.921031	0.178639
11.621094	-0.654321	11.889648	1155.000000	1147.163809	0.230576
11.645508	0.345679	11.914062	1106.000000	1142.427205	-1.095338
11.669922	-1.654321	11.938477	1075.000000	1136.432094	-1.873661
11.694336	-2.654321	11.962891	1134.000000	1131.741999	0.067053
11.718750	0.345679	11.987305	1095.000000	1126.432713	-0.949893
11.743164	-1.654321	12.011719	1080.000000	1122.425470	-1.290966
11.767578	-0.654321	12.036133	1084.000000	1116.517043	-0.987635
11.791992	2.345679	12.060547	1108.000000	1111.273739	-0.098350
11.816406	-1.654321	12.084961	1103.000000	1107.971708	-0.149699
11.840820	0.345679	12.109375	1067.000000	1105.323505	-1.173230
11.865234	-1.654321	12.133789	1060.000000	1102.686778	-1.311114
11.889648	0.345679	12.158203	1102.000000	1097.503412	0.135454
11.914062	0.345679	12.182617	1107.000000	1092.342509	0.440540
11.938477	-1.654321	12.207031	1062.000000	1089.762040	-0.851901
11.962891	0.345679	12.231445	1087.000000	1085.274203	0.052345
11.987305	-0.654321	12.255859	1077.000000	1080.805817	-0.115968
12.011719	1.345679	12.280273	1030.000000	1076.996311	-1.464351
12.036133	-1.654321	12.304687	1063.000000	1072.563799	-0.293335
12.060547	-0.654321	12.329102	995.000000	1068.790014	-2.339301
12.084961	2.345679	12.353516	1035.000000	1065.672100	-0.953396
12.109375	3.345679	12.377930	1075.000000	1060.009631	0.457202
12.133789	3.345679	12.402344	1037.000000	1056.290253	-0.599030
12.158203	-0.654321	12.426758	1040.000000	1051.307960	-0.350645
12.182617	-0.654321	12.451172	1027.000000	1046.986776	-0.623674
12.207031	3.345679	12.475586	1074.000000	1043.323836	0.936050
12.231445	0.345679	12.500000	1041.000000	1039.676771	0.041012
12.255859	0.345679	12.524414	1071.000000	1033.487444	1.146257
12.280273	1.345679	12.548828	1022.000000	1029.243491	-0.226580
12.304687	0.345679	12.573242	1061.000000	1024.378414	1.124293
12.329102	1.345679	12.597656	1018.000000	1020.173938	-0.068135
12.353516	2.345679	12.622070	976.000000	1015.987683	-1.279975
12.377930	-1.654321	12.646484	1004.000000	1010.540537	-0.206418
12.402344	1.345679	12.670898	951.000000	1007.675065	-1.837815
12.426758	-0.654321	12.695312	966.000000	1002.903461	-1.187349
12.451172	0.345679	12.719727	990.000000	998.792053	-0.279430
12.475586	1.345679	12.744141	988.000000	994.058947	-0.192761
12.500000	1.345679	12.768555	944.000000	988.067319	-1.434269
12.524414	-2.654321	12.792969	928.000000	984.020208	-1.838953
12.548828	0.345679	12.817383	950.000000	978.711603	-0.931527
12.573242	-0.654321	12.841797	996.000000	974.705038	0.674757
12.597656	0.345679	12.866211	962.000000	970.715837	-0.281010
12.622070	0.345679	12.890625	944.000000	966.743924	-0.740252
12.646484	-1.654321	12.915039	974.000000	962.149708	0.379708
12.670898	2.345679	12.939453	934.000000	956.296369	-0.729559
12.695312	-0.654321	12.963867	935.000000	951.107914	-0.526785
12.719727	0.345679	12.988281	908.000000	945.302428	-1.237925
12.744141	-0.654321	13.012695	988.000000	941.440652	1.481250
12.768555	-2.654321	13.037109	1001.000000	936.956095	2.024234
12.792969	0.345679	13.061523	971.000000	932.490974	1.235813
12.817383	-1.654321	13.085937	923.000000	927.405686	-0.145015
12.841797	0.345679	13.110352	960.000000	924.900505	1.132831
12.866211	0.345679	13.134766	939.000000	919.848113	0.624998
12.890625	0.345679	13.159180	919.000000	918.015202	0.032486
12.915039	-0.654321	13.183594	907.000000	913.632166	-0.220217
12.939453	-2.654321	13.208008	862.000000	909.907643	-1.631741
12.963867	-1.654321	13.232422	878.000000	904.920228	-0.908514
12.988281	-2.654321	13.256836	929.000000	899.954427	0.952954
13.012695	0.345679	13.281250	916.000000	895.649664	0.672394
13.037109	-0.654321	13.305664	909.000000	891.363557	0.584964
13.061523	-0.654321	13.330078	914.000000	889.014575	0.826444
13.085937	-1.654321	13.354492	921.000000	886.036256	1.152095
13.110352	2.345679	13.378906	893.000000	884.989395	0.268065
13.134766	-1.654321	13.403320	816.000000	880.109971	-2.244298
13.159180	3.345679	13.427734	934.000000	875.251693	1.922303
13.183594	-0.654321	13.452148	866.000000	871.693503	-0.193473
13.208008	0.345679	13.476562	886.000000	866.871701	0.642628
13.232422	-1.654321	13.500977	838.000000	864.628862	-0.919879
13.256836	-1.654321	13.525391	883.000000	860.477193	0.757953
13.281250	-0.654321	13.549805	848.000000	855.704000	-0.264556
13.305664	-0.654321	13.574219	892.000000	853.509559	1.288755
13.330078	2.345679	13.598633	883.000000	851.324630	1.065961
13.354492	1.345679	13.623047	839.000000	847.870135	-0.306231
13.378906	4.345679	13.647461	848.000000	845.070129	0.100612
13.403320	-1.654321	13.671875	859.000000	842.282257	0.570402
13.427734	-1.654321	13.696289	871.000000	838.227434	1.110456
13.452148	0.345679	13.720703	892.000000	835.469217	1.892791
13.476562	-1.654321	13.745117	815.000000	832.083437	-0.598407
13.500977	2.345679	13.769531	827.000000	829.991364	-0.104020
13.525391	-0.654321	13.793945	847.000000	826.629324	0.699945
13.549805	-1.654321	13.818359	817.000000	825.200404	-0.286896
13.574219	2.345679	13.842773	845.000000	823.138161	0.752070
13.598633	2.345679	13.867187	849.000000	821.084855	0.958045
13.623047	0.345679	13.891602	844.000000	816.482380	0.947196
13.647461	1.345679	13.916016	835.000000	813.818402	0.733019
13.671875	1.345679	13.940430	934.000000	811.165970	4.019252
13.696289	-0.654321	13.964844	780.000000	807.885515	-0.998462
13.720703	1.345679	13.989258	791.000000	802.700728	-0.416030
13.745117	0.345679	14.013672	804.000000	800.735993	0.115113
13.769531	2.345679	14.038086	768.000000	796.221707	-1.018363
13.793945	0.345679	14.062500	832.000000	792.366502	1.374044
13.818359	3.345679	14.086914	761.000000	789.807037	-1.044254
13.842773	2.345679	14.111328	810.000000	787.258665	0.799049
13.867187	2.345679	14.135742	799.000000	784.081820	0.527767
13.891602	-1.654321	14.160156	815.000000	782.197777	1.149012
13.916016	1.345679	14.184570	809.000000	779.042865	1.053237
13.940430	1.345679	14.208984	825.000000	775.901626	1.709386
13.964844	0.345679	14.233398	791.000000	772.134484	0.670781
13.989258	-2.654321	14.257812	831.000000	769.662701	2.127767
14.013672	2.345679	14.282227	791.000000	767.841148	0.823434
14.038086	-1.654321	14.306641	723.000000	766.027488	-1.600210
14.062500	-0.654321	14.331055	783.000000	761.663622	0.762500
14.086914	1.345679	14.355469	810.000000	758.597701	1.806093
14.111328	1.345679	14.379883	731.000000	755.324000	-0.899656
14.135742	0.345679	14.404297	798.000000	752.064487	1.626100
14.160156	2.345679	14.428711	796.000000	748.819099	1.672283
14.184570	0.345679	14.453125	739.000000	745.587777	-0.242335
14.208984	0.345679	14.477539	741.000000	742.370458	-0.050345
14.233398	-0.654321	14.501953	753.000000	739.167083	0.504100
14.257812	1.345679	14.526367	789.000000	735.977590	1.887648
14.282227	2.345679	14.550781	736.000000	732.801920	0.117883
14.306641	2.345679	14.575195	743.000000	729.640013	0.490130
14.331055	-1.654321	14.599609	739.000000	726.491809	0.460121
14.355469	0.345679	14.624023	732.000000	723.357249	0.319445
14.648437	729.000000	720.236273	0.324582
14.672852	702.000000	717.128823	-0.571001
14.697266	721.000000	714.034840	0.259396
14.721680	772.000000	710.954266	2.197084
14.746094	763.000000	707.887043	1.995223
14.770508	709.000000	704.833112	0.156491
14.794922	685.000000	701.792416	-0.641605
14.819336	723.000000	698.764898	0.901313
14.843750	708.000000	695.750501	0.460364
14.868164	771.000000	692.749168	2.818135
14.892578	672.000000	689.760841	-0.685139
14.916992	663.000000	686.785466	-0.923751
14.941406	717.000000	683.822986	1.239018
14.965820	657.000000	680.873344	-0.931388
14.990234	678.000000	677.936485	0.002439
15.014648	716.000000	675.012354	1.531780
15.039062	683.000000	672.100896	0.417043
15.063477	714.000000	669.202055	1.676521
15.087891	653.000000	666.315778	-0.521087
15.112305	688.000000	663.442009	0.936265
15.136719	662.000000	660.580695	0.055163
15.161133	723.000000	657.731780	2.427351
15.185547	704.000000	654.895213	1.850706
15.209961	698.000000	652.070938	1.738441
15.234375	746.000000	649.258904	3.541943
15.258789	683.000000	646.459056	1.398200
15.283203	623.000000	643.671342	-0.828180
15.307617	657.000000	640.895710	0.628288
15.332031	646.000000	638.132107	0.309558
15.356445	648.000000	635.380481	0.495742
15.380859	700.000000	632.640779	2.545939
15.405273	676.000000	629.912951	1.772579
15.429687	640.000000	627.196945	0.506085
15.454102	632.000000	624.492710	0.298624
15.478516	626.000000	621.800194	0.167858
15.502930	636.000000	619.119347	0.669361
15.527344	632.000000	616.450119	0.618541
15.551758	617.000000	613.792458	0.129131
15.576172	602.000000	611.146315	-0.372776
15.600586	685.000000	608.511640	2.922470
15.625000	589.000000	605.888383	-0.695874
15.649414	622.000000	603.276495	0.750744
15.673828	594.000000	600.675926	-0.273917
15.698242	640.000000	598.086628	1.656772
15.722656	592.000000	595.508551	-0.144201
15.747070	612.000000	592.941647	0.770388
15.771484	671.000000	590.385867	3.112074
15.795898	565.000000	587.841164	-0.960935
15.820312	579.000000	585.307489	-0.262130
15.844727	595.000000	582.784795	0.500775
15.869141	568.000000	580.273033	-0.514965
15.893555	615.000000	577.772157	1.501172
15.917969	578.000000	575.282119	0.113049
15.942383	617.000000	572.802872	1.779309
15.966797	574.000000	570.334371	0.153000
15.991211	590.000000	567.876567	0.910807
16.015625	550.000000	565.429414	-0.657912
16.040039	587.000000	562.992868	0.990880
16.064453	610.000000	560.566880	2.001489
16.088867	599.000000	558.151407	1.669028
16.113281	578.000000	555.746402	0.925628
16.137695	604.000000	553.351819	2.060845
16.162109	611.000000	550.967614	2.428650
16.186523	596.000000	548.593742	1.941836
16.210937	588.000000	546.230158	1.722559
16.235352	586.000000	543.876817	1.740093
16.259766	541.000000	541.533675	-0.022944
16.284180	570.000000	539.200688	1.290041
16.308594	555.000000	536.877812	0.769244
16.333008	564.000000	534.565002	1.239437
16.357422	540.000000	532.262216	0.332981
16.381836	576.000000	529.969409	1.917941
16.406250	515.000000	527.686539	-0.559036
16.430664	553.000000	525.413563	1.173095
16.455078	578.000000	523.150437	2.281441
16.479492	581.000000	520.897119	2.493488
16.503906	600.000000	518.653567	3.320954
16.528320	558.000000	516.419738	1.760233
16.552734	548.000000	514.195590	1.444053
16.577148	528.000000	511.981080	0.697134
16.601562	525.000000	509.776168	0.664422
16.625977	564.000000	507.580812	2.375676
16.650391	503.000000	505.394970	-0.106786
16.674805	511.000000	503.218601	0.344229
16.699219	539.000000	501.051664	1.634551
16.723633	557.000000	498.894118	2.462025
16.748047	550.000000	496.745923	2.270761
16.772461	510.000000	494.607037	0.681612
16.796875	511.000000	492.477421	0.819391
16.821289	482.000000	490.357034	-0.380652
16.845703	520.000000	488.245836	1.392512
16.870117	531.000000	486.143788	1.946594
16.894531	527.000000	484.050850	1.870894
16.918945	563.000000	481.966983	3.415135
16.943359	583.000000	479.892146	4.270291
16.967773	501.000000	477.826301	1.035324
16.992187	535.000000	475.769410	2.560762
17.016602	491.000000	473.721432	0.779771
17.041016	487.000000	471.682330	0.694110
17.065430	491.000000	469.652065	0.963419
17.089844	525.000000	467.630599	2.503806
17.114258	481.000000	465.617894	0.701364
17.138672	505.000000	463.613911	1.841657
17.163086	515.000000	461.618613	2.352265
17.187500	508.000000	459.631963	2.145985
17.211914	491.000000	457.653922	1.504887
17.236328	527.000000	455.684453	3.106554
17.260742	449.000000	453.723520	-0.222917
17.285156	467.000000	451.771085	0.704710
17.309570	465.000000	449.827112	0.703626
17.333984	497.000000	447.891563	2.202814
17.358398	477.000000	445.964403	1.421022
17.382812	475.000000	444.045595	1.420286
17.407227	517.000000	442.135102	3.292554
17.431641	483.000000	440.232889	1.945971
17.456055	466.000000	438.338920	1.281375
17.480469	455.000000	436.453159	0.869489
17.504883	454.000000	434.575571	0.911634
17.529297	473.000000	432.706120	1.852715
17.553711	484.000000	430.844770	2.416147
17.578125	488.000000	428.991487	2.671190
17.602539	463.000000	427.146236	1.666266
17.626953	482.000000	425.308983	2.582205
17.651367	430.000000	423.479691	0.314437
17.675781	439.000000	421.658327	0.827673
17.700195	440.000000	419.844856	0.960859
17.724609	448.000000	418.039245	1.415513
17.749023	460.000000	416.241459	2.040252
17.773437	472.000000	414.451464	2.648886
17.797852	424.000000	412.669227	0.550271
17.822266	417.000000	410.894714	0.298977
17.846680	435.000000	409.127891	1.240473
17.871094	429.000000	407.368725	1.044368
17.895508	399.000000	405.617183	-0.331273
17.919922	462.000000	403.873232	2.704302
17.944336	461.000000	402.136838	2.741531
17.968750	432.000000	400.407970	1.519972
17.993164	442.000000	398.686595	2.060209
18.017578	446.000000	396.972679	2.321511
18.041992	427.000000	395.266192	1.535707
18.066406	414.000000	393.567100	1.004222
18.090820	427.000000	391.875371	1.699800
18.115234	374.000000	390.190975	-0.837215
18.139648	400.000000	388.513878	0.574306
18.164062	433.000000	386.844049	2.218113
18.188477	398.000000	385.181457	0.642536
18.212891	430.000000	383.526070	2.241172
18.237305	417.000000	381.877858	1.719939
18.261719	379.000000	380.236788	-0.063530
18.286133	410.000000	378.602831	1.550596
18.310547	367.000000	376.975954	-0.520741
18.334961	406.000000	375.356129	1.520830
18.359375	412.000000	373.743323	1.884771
18.383789	357.000000	372.137507	-0.801162
18.408203	423.000000	370.538651	2.550758
18.432617	406.000000	368.946723	1.838923
18.457031	365.000000	367.361695	-0.123617
18.481445	403.000000	365.783535	1.853884
18.505859	381.000000	364.212215	0.860064
18.530273	388.000000	362.647705	1.287068
18.554687	392.000000	361.089976	1.561192
18.579102	381.000000	359.538997	1.099480
18.603516	352.000000	357.994740	-0.319521
18.627930	377.000000	356.457175	1.058009
18.652344	429.000000	354.926274	3.576313
18.676758	388.000000	353.402007	1.756447
18.701172	386.000000	351.884347	1.736441
18.725586	399.000000	350.373263	2.434382
18.750000	374.000000	348.868729	1.299507
18.774414	365.000000	347.370714	0.922759
18.798828	346.000000	345.879192	0.006495
18.823242	359.000000	344.394134	0.770868
18.847656	335.000000	342.915512	-0.432471
18.872070	362.000000	341.443298	1.080436
18.896484	380.000000	339.977464	2.053113
18.920898	327.000000	338.517983	-0.636946
18.945312	350.000000	337.064826	0.691414
18.969727	375.000000	335.617968	2.033679
18.994141	355.000000	334.177380	1.105150
19.018555	366.000000	332.743035	1.738369
19.042969	356.000000	331.314907	1.308307
19.067383	386.000000	329.892967	2.855773
19.091797	373.000000	328.477190	2.305304
19.116211	358.000000	327.067549	1.634831
19.140625	382.000000	325.664017	2.882400
19.165039	322.000000	324.266567	-0.126311
19.189453	329.000000	322.875174	0.337673
19.213867	349.000000	321.489811	1.472587
19.238281	358.000000	320.110452	2.002525
19.262695	319.000000	318.737070	0.014721
19.287109	336.000000	317.369641	1.016369
19.311523	335.000000	316.008137	1.037636
19.335937	345.000000	314.652535	1.633853
19.360352	365.000000	313.302807	2.705955
19.384766	368.000000	311.958928	2.921343
19.409180	309.000000	310.620874	-0.092208
19.433594	280.000000	309.288619	-1.750330
19.458008	332.000000	307.962137	1.319249
19.482422	336.000000	306.641404	1.601643
19.506836	312.000000	305.326395	0.377818
19.531250	357.000000	304.017085	2.804153
19.555664	337.000000	302.713449	1.867707
19.580078	345.000000	301.415463	2.346513
19.604492	344.000000	300.123102	2.365684
19.628906	321.000000	298.836342	1.237055
19.653320	314.000000	297.555158	0.928036
19.677734	323.000000	296.279527	1.486767
19.702148	303.000000	295.009424	0.459047
19.726562	295.000000	293.744826	0.073079
19.750977	306.000000	292.485708	0.772561
19.775391	330.000000	291.232047	2.134106
19.799805	317.000000	289.983819	1.517380
19.824219	316.000000	288.741001	1.533439
19.848633	309.000000	287.503568	1.222889
19.873047	312.000000	286.271499	1.456590
19.897461	333.000000	285.044769	2.627930
19.921875	325.000000	283.823356	2.284069
19.946289	299.000000	282.607236	0.948018
19.970703	278.000000	281.396386	-0.203702
19.995117	306.000000	280.190784	1.475415
20.019531	309.000000	278.990407	1.707186
20.043945	290.000000	277.795232	0.716689
20.068359	288.000000	276.605236	0.671443
20.092773	289.000000	275.420398	0.798800
20.117187	302.000000	274.240695	1.597369
20.141602	299.000000	273.066104	1.499796
20.166016	322.000000	271.896604	2.792153
20.190430	301.000000	270.732172	1.744609
20.214844	289.000000	269.572786	1.142777
20.239258	304.000000	268.418426	2.040743
20.263672	295.000000	267.269068	1.614557
20.288086	290.000000	266.124691	1.402006
20.312500	280.000000	264.985273	0.897302
20.336914	295.000000	263.850794	1.813577
20.361328	281.000000	262.721231	1.090420
20.385742	293.000000	261.596563	1.834608
20.410156	303.000000	260.476770	2.442896
20.434570	275.000000	259.361829	0.943017
20.458984	324.000000	258.251721	3.652682
20.483398	307.000000	257.146423	2.845294
20.507812	285.000000	256.045916	1.715092
20.532227	280.000000	254.950178	1.497013
20.556641	285.000000	253.859188	1.844622
20.581055	289.000000	252.772927	2.131004
20.605469	311.000000	251.691374	3.363084
20.629883	292.000000	250.614508	2.421903
20.654297	302.000000	249.542308	3.018601
20.678711	310.000000	248.474756	3.494399
20.703125	288.000000	247.411830	2.391681
20.727539	271.000000	246.353510	1.497168
20.751953	244.000000	245.299777	-0.083210
20.776367	297.000000	244.250611	3.060830
20.800781	291.000000	243.205991	2.801734
20.825195	254.000000	242.165899	0.742538
20.849609	267.000000	241.130314	1.583199
20.874023	250.000000	240.099218	0.626180
20.898437	267.000000	239.072590	1.709130
20.922852	282.000000	238.050411	2.617160
20.947266	288.000000	237.032662	3.003279
20.971680	257.000000	236.019324	1.308739
20.996094	296.000000	234.983240	3.546527
21.020508	273.000000	234.012145	2.359652
21.044922	258.000000	233.004926	1.556125
21.069336	266.000000	231.881075	2.091966
21.093750	265.000000	230.862925	2.097024
21.118164	237.000000	229.849188	0.464495
21.142578	251.000000	228.860011	1.397464
21.166992	287.000000	227.814621	3.493602
21.191406	243.000000	226.834261	1.037033
21.215820	255.000000	225.837984	1.826196
21.240234	263.000000	224.886356	2.350188
