Name des Datensatzes:	BLOCK 2
Wiederholrate [ns]:	19.604
Zeit Shift [ns] (fest):	0.000
Offset (fest):	4.446

Komponente 1
tau [ns]:	5.907123
A:	0.010263
%:	100.000000
f:	1.000000

t_irf	irf	t	daten	fit	res
[ns]	counts (offset korrigiert)	[ns]			counts 
1.196289	-0.292683	1.660156	197.000000	193.695222	0.235456
1.220703	1.707317	1.684570	199.000000	192.880477	0.433801
1.245117	0.707317	1.708984	191.000000	192.110630	-0.080362
1.269531	4.707317	1.733398	187.000000	191.323189	-0.316143
1.293945	-2.292683	1.757812	170.000000	190.570150	-1.577658
1.318359	-0.292683	1.782227	207.000000	189.789063	1.196243
1.342773	-2.292683	1.806641	187.000000	189.021582	-0.147833
1.367187	-1.292683	1.831055	210.000000	188.246882	1.501108
1.391602	2.707317	1.855469	177.000000	187.475377	-0.787378
1.416016	1.707317	1.879883	198.000000	186.748592	0.799603
1.440430	-1.292683	1.904297	219.000000	186.004036	2.229661
1.464844	-4.292683	1.928711	186.000000	185.241782	0.055595
1.489258	-1.292683	1.953125	204.000000	184.503441	1.365032
1.513672	-0.292683	1.977539	185.000000	183.778529	0.089804
1.538086	2.707317	2.001953	196.000000	183.025454	0.926753
1.562500	-1.292683	2.026367	187.000000	182.254716	0.347010
1.586914	-1.292683	2.050781	181.000000	181.528694	-0.039298
1.611328	0.707317	2.075195	196.000000	180.784898	1.086793
1.635742	3.707317	2.099609	182.000000	180.085708	0.141897
1.660156	-3.292683	2.124023	185.000000	179.337479	0.416317
1.684570	-3.292683	2.148437	192.000000	178.654643	0.963118
1.708984	0.707317	2.172852	168.000000	177.933086	-0.766354
1.733398	-1.292683	2.197266	195.000000	177.204120	1.274389
1.757812	1.707317	2.221680	170.000000	176.467776	-0.496056
1.782227	-1.292683	2.246094	175.000000	175.755238	-0.057091
1.806641	-0.292683	2.270508	184.000000	175.045639	0.660124
1.831055	-1.292683	2.294922	162.000000	174.338967	-0.969441
1.855469	-1.292683	2.319336	173.000000	173.687132	-0.052242
1.879883	2.707317	2.343750	176.000000	172.996447	0.226401
1.904297	0.707317	2.368164	166.000000	172.329380	-0.491255
1.928711	-1.292683	2.392578	168.000000	171.779294	-0.291579
1.953125	0.707317	2.416992	178.000000	171.262629	0.504987
1.977539	1.707317	2.441406	155.000000	170.800018	-1.269088
2.001953	-1.292683	2.465820	163.000000	170.692388	-0.602514
2.026367	-3.292683	2.490234	158.000000	171.353653	-1.062360
2.050781	0.707317	2.514648	143.000000	172.126420	-2.435674
2.075195	-1.292683	2.539062	203.000000	173.913678	2.041460
2.099609	2.707317	2.563477	193.000000	176.077791	1.218087
2.124023	-2.292683	2.587891	174.000000	179.136428	-0.389392
2.148437	3.707317	2.612305	174.000000	182.784750	-0.665970
2.172852	-0.292683	2.636719	203.000000	187.757622	1.069805
2.197266	-1.292683	2.661133	177.000000	195.700714	-1.405632
2.221680	-2.292683	2.685547	221.000000	208.678671	0.828822
2.246094	-0.292683	2.709961	253.000000	232.610650	1.281867
2.270508	-0.292683	2.734375	269.000000	276.454816	-0.454528
2.294922	-0.292683	2.758789	322.000000	351.032745	-1.617932
2.319336	4.707317	2.783203	484.000000	469.499428	0.659117
2.343750	0.707317	2.807617	648.000000	636.211865	0.463082
2.368164	2.707317	2.832031	916.000000	850.368769	2.168517
2.392578	13.707317	2.856445	1103.000000	1108.544883	-0.166957
2.416992	16.707317	2.880859	1418.000000	1394.878088	0.614024
2.441406	21.707317	2.905273	1759.000000	1690.362881	1.636538
2.465820	55.707317	2.929687	2093.000000	1980.734779	2.453921
2.490234	129.707317	2.954102	2366.000000	2258.683427	2.206274
2.514648	140.707317	2.978516	2623.000000	2515.807099	2.092989
2.539062	238.707317	3.002930	2867.000000	2743.811409	2.300682
2.563477	275.707317	3.027344	3132.000000	2947.655628	3.293965
2.587891	362.707317	3.051758	3243.000000	3122.454852	2.116783
2.612305	420.707317	3.076172	3477.000000	3268.235416	3.540418
2.636719	549.707317	3.100586	3649.000000	3387.463898	4.329569
2.661133	837.707317	3.125000	3577.000000	3484.382835	1.548574
2.685547	1325.707317	3.149414	3618.000000	3560.049997	0.963428
2.709961	2385.707317	3.173828	3718.000000	3615.809560	1.675929
2.734375	4312.707317	3.198242	3743.000000	3656.499723	1.413864
2.758789	7289.707317	3.222656	3786.000000	3684.965679	1.642021
2.783203	11545.707317	3.247070	3786.000000	3704.051273	1.331840
2.807617	16238.707317	3.271484	3735.000000	3715.114022	0.325388
2.832031	20873.707317	3.295898	3851.000000	3720.087375	2.109574
2.856445	25197.707317	3.320312	3829.000000	3720.990269	1.745501
2.880859	28011.707317	3.344727	3704.000000	3718.244487	-0.234051
2.905273	29006.707317	3.369141	3732.000000	3713.661591	0.300186
2.929687	28631.707317	3.393555	3642.000000	3706.605323	-1.070529
2.954102	27550.707317	3.417969	3763.000000	3698.622786	1.049458
2.978516	25655.707317	3.442383	3764.000000	3689.489341	1.214489
3.002930	22953.707317	3.466797	3730.000000	3679.625116	0.824821
3.027344	20717.707317	3.491211	3688.000000	3669.552348	0.303771
3.051758	18001.707317	3.515625	3713.000000	3659.043438	0.885486
3.076172	15276.707317	3.540039	3615.000000	3648.058648	-0.549833
3.100586	12777.707317	3.564453	3648.000000	3636.953012	0.182901
3.125000	10676.707317	3.588867	3636.000000	3625.519340	0.173811
3.149414	8668.707317	3.613281	3556.000000	3614.163979	-0.975379
3.173828	6781.707317	3.637695	3673.000000	3602.720455	1.159627
3.198242	5352.707317	3.662109	3702.000000	3591.334513	1.818838
3.222656	4191.707317	3.686523	3644.000000	3579.715151	1.064926
3.247070	3299.707317	3.710937	3555.000000	3568.195635	-0.221315
3.271484	2534.707317	3.735352	3604.000000	3556.941705	0.783870
3.295898	1952.707317	3.759766	3541.000000	3545.516118	-0.075893
3.320312	1562.707317	3.784180	3545.000000	3534.137654	0.182438
3.344727	1211.707317	3.808594	3659.000000	3523.211116	2.244828
3.369141	1033.707317	3.833008	3583.000000	3512.547717	1.176987
3.393555	793.707317	3.857422	3517.000000	3502.385217	0.246437
3.417969	701.707317	3.881836	3456.000000	3491.994635	-0.612281
3.442383	587.707317	3.906250	3458.000000	3482.186901	-0.411309
3.466797	513.707317	3.930664	3480.000000	3472.388465	0.129028
3.491211	489.707317	3.955078	3537.000000	3463.149667	1.241752
3.515625	443.707317	3.979492	3479.000000	3453.917820	0.425244
3.540039	393.707317	4.003906	3347.000000	3445.077122	-1.695274
3.564453	377.707317	4.028320	3519.000000	3435.078671	1.414695
3.588867	341.707317	4.052734	3418.000000	3425.495301	-0.128204
3.613281	344.707317	4.077148	3424.000000	3415.453001	0.146065
3.637695	331.707317	4.101562	3428.000000	3405.358660	0.386707
3.662109	332.707317	4.125977	3395.000000	3395.035957	-0.000617
3.686523	305.707317	4.150391	3404.000000	3384.049684	0.341944
3.710937	310.707317	4.174805	3424.000000	3372.755651	0.875748
3.735352	331.707317	4.199219	3404.000000	3361.144743	0.734530
3.759766	310.707317	4.223633	3367.000000	3349.311728	0.304834
3.784180	310.707317	4.248047	3502.000000	3337.672900	2.776842
3.808594	349.707317	4.272461	3346.000000	3325.635543	0.352054
3.833008	370.707317	4.296875	3233.000000	3313.512836	-1.415997
3.857422	414.707317	4.321289	3295.000000	3301.190900	-0.107851
3.881836	388.707317	4.345703	3344.000000	3288.919786	0.952495
3.906250	440.707317	4.370117	3339.000000	3276.647362	1.079063
3.930664	437.707317	4.394531	3273.000000	3264.114020	0.155322
3.955078	487.707317	4.418945	3248.000000	3251.621986	-0.063553
3.979492	484.707317	4.443359	3262.000000	3239.046478	0.401890
4.003906	518.707317	4.467773	3250.000000	3226.564374	0.411088
4.028320	403.707317	4.492187	3122.000000	3214.040292	-1.647258
4.052734	439.707317	4.516602	3191.000000	3201.661325	-0.188733
4.077148	391.707317	4.541016	3161.000000	3189.146495	-0.500624
4.101562	382.707317	4.565430	3146.000000	3176.745588	-0.548155
4.125977	356.707317	4.589844	3262.000000	3164.271214	1.711120
4.150391	288.707317	4.614258	3147.000000	3151.879444	-0.086981
4.174805	254.707317	4.638672	2990.000000	3139.476476	-2.733614
4.199219	219.707317	4.663086	2991.000000	3127.072741	-2.488072
4.223633	193.707317	4.687500	3031.000000	3114.844779	-1.522941
4.248047	207.707317	4.711914	3042.000000	3102.532253	-1.097507
4.272461	164.707317	4.736328	3136.000000	3090.291277	0.816227
4.296875	151.707317	4.760742	3057.000000	3077.976176	-0.379384
4.321289	127.707317	4.785156	3054.000000	3065.836481	-0.214185
4.345703	127.707317	4.809570	3050.000000	3053.674164	-0.066529
4.370117	122.707317	4.833984	3039.000000	3041.603549	-0.047228
4.394531	92.707317	4.858398	3012.000000	3029.385413	-0.316780
4.418945	91.707317	4.882812	2954.000000	3017.207286	-1.162952
4.443359	78.707317	4.907227	3004.000000	3005.224769	-0.022346
4.467773	82.707317	4.931641	2941.000000	2993.291674	-0.964240
4.492187	73.707317	4.956055	2994.000000	2981.407797	0.230131
4.516602	82.707317	4.980469	3016.000000	2969.479474	0.847089
4.541016	64.707317	5.004883	2937.000000	2957.662656	-0.381271
4.565430	70.707317	5.029297	2942.000000	2945.863422	-0.071228
4.589844	58.707317	5.053711	3008.000000	2934.216698	1.345300
4.614258	61.707317	5.078125	2753.000000	2922.628395	-3.232924
4.638672	55.707317	5.102539	2855.000000	2910.921736	-1.046592
4.663086	50.707317	5.126953	2890.000000	2899.232208	-0.171734
4.687500	62.707317	5.151367	2761.000000	2887.622045	-2.409773
4.711914	49.707317	5.175781	2824.000000	2875.997462	-0.978475
4.736328	51.707317	5.200195	2818.000000	2864.566206	-0.877204
4.760742	39.707317	5.224609	2784.000000	2853.047100	-1.308612
4.785156	51.707317	5.249023	2796.000000	2841.637810	-0.863090
4.809570	44.707317	5.273437	2799.000000	2830.234040	-0.590373
4.833984	48.707317	5.297852	2733.000000	2818.918842	-1.643496
4.858398	29.707317	5.322266	2699.000000	2807.515315	-2.088765
4.882812	28.707317	5.346680	2693.000000	2796.241898	-1.989472
4.907227	42.707317	5.371094	2801.000000	2785.118821	0.300072
4.931641	42.707317	5.395508	2761.000000	2773.906624	-0.245629
4.956055	42.707317	5.419922	2768.000000	2762.740670	0.099965
4.980469	33.707317	5.444336	2728.000000	2751.537694	-0.450652
5.004883	39.707317	5.468750	2624.000000	2740.360155	-2.271550
5.029297	36.707317	5.493164	2631.000000	2729.342947	-1.917268
5.053711	46.707317	5.517578	2674.000000	2718.256950	-0.855856
5.078125	47.707317	5.541992	2656.000000	2707.216676	-0.993796
5.102539	31.707317	5.566406	2621.000000	2696.190784	-1.468693
5.126953	28.707317	5.590820	2640.000000	2685.303829	-0.881725
5.151367	31.707317	5.615234	2691.000000	2674.368315	0.320612
5.175781	25.707317	5.639648	2512.000000	2663.529827	-3.023349
5.200195	39.707317	5.664062	2615.000000	2652.798349	-0.739158
5.224609	26.707317	5.688477	2615.000000	2642.131902	-0.530572
5.249023	32.707317	5.712891	2571.000000	2631.447141	-1.192133
5.273437	28.707317	5.737305	2595.000000	2620.847986	-0.507409
5.297852	32.707317	5.761719	2597.000000	2610.219856	-0.259412
5.322266	19.707317	5.786133	2576.000000	2599.666715	-0.466300
5.346680	27.707317	5.810547	2626.000000	2589.167484	0.718760
5.371094	37.707317	5.834961	2524.000000	2578.711557	-1.089016
5.395508	24.707317	5.859375	2503.000000	2568.194910	-1.303117
5.419922	24.707317	5.883789	2536.000000	2557.721639	-0.431338
5.444336	16.707317	5.908203	2516.000000	2547.353871	-0.625080
5.468750	14.707317	5.932617	2526.000000	2537.143094	-0.221712
5.493164	25.707317	5.957031	2552.000000	2526.808279	0.498675
5.517578	14.707317	5.981445	2403.000000	2516.505705	-2.315479
5.541992	14.707317	6.005859	2569.000000	2506.380621	1.235454
5.566406	11.707317	6.030273	2387.000000	2496.276530	-2.236664
5.590820	20.707317	6.054687	2504.000000	2486.151805	0.356679
5.615234	11.707317	6.079102	2572.000000	2476.027301	1.892397
5.639648	16.707317	6.103516	2431.000000	2465.923787	-0.708319
5.664062	22.707317	6.127930	2483.000000	2455.872328	0.544408
5.688477	24.707317	6.152344	2389.000000	2445.831173	-1.162729
5.712891	18.707317	6.176758	2400.000000	2435.935277	-0.733526
5.737305	22.707317	6.201172	2423.000000	2426.069812	-0.062364
5.761719	15.707317	6.225586	2321.000000	2416.193114	-1.975914
5.786133	18.707317	6.250000	2310.000000	2406.471382	-2.007209
5.810547	19.707317	6.274414	2407.000000	2396.685901	0.210229
5.834961	19.707317	6.298828	2343.000000	2386.961549	-0.908211
5.859375	9.707317	6.323242	2366.000000	2377.360381	-0.233553
5.883789	9.707317	6.347656	2292.000000	2367.726121	-1.581752
5.908203	15.707317	6.372070	2307.000000	2358.141981	-1.064765
5.932617	26.707317	6.396484	2258.000000	2348.555834	-1.905700
5.957031	10.707317	6.420898	2329.000000	2339.071530	-0.208694
5.981445	9.707317	6.445312	2292.000000	2329.564037	-0.784630
6.005859	22.707317	6.469727	2355.000000	2320.178834	0.717543
6.030273	20.707317	6.494141	2251.000000	2310.738879	-1.259126
6.054687	14.707317	6.518555	2113.000000	2301.275552	-4.095851
6.079102	10.707317	6.542969	2280.000000	2291.975869	-0.250807
6.103516	8.707317	6.567383	2259.000000	2282.756081	-0.499824
6.127930	9.707317	6.591797	2307.000000	2273.470474	0.698077
6.152344	6.707317	6.616211	2256.000000	2264.264704	-0.174003
6.176758	16.707317	6.640625	2172.000000	2255.128056	-1.783683
6.201172	15.707317	6.665039	2198.000000	2246.008322	-1.024006
6.225586	10.707317	6.689453	2263.000000	2236.915818	0.548321
6.250000	21.707317	6.713867	2238.000000	2227.860816	0.214325
6.274414	11.707317	6.738281	2263.000000	2218.770469	0.929758
6.298828	13.707317	6.762695	2195.000000	2209.655309	-0.312808
6.323242	21.707317	6.787109	2217.000000	2200.712741	0.345912
6.347656	14.707317	6.811523	2176.000000	2191.692828	-0.336412
6.372070	15.707317	6.835937	2224.000000	2182.793192	0.873779
6.396484	11.707317	6.860352	2103.000000	2173.909494	-1.546268
6.420898	17.707317	6.884766	2175.000000	2165.145512	0.211302
6.445312	11.707317	6.909180	2110.000000	2156.303448	-1.008027
6.469727	19.707317	6.933594	2133.000000	2147.539390	-0.314812
6.494141	10.707317	6.958008	2116.000000	2138.863401	-0.497030
6.518555	4.707317	6.982422	2066.000000	2130.119352	-1.410665
6.542969	16.707317	7.006836	2143.000000	2121.504827	0.464333
6.567383	20.707317	7.031250	1986.000000	2112.821988	-2.845804
6.591797	10.707317	7.055664	2063.000000	2104.268421	-0.908591
6.616211	14.707317	7.080078	2173.000000	2095.687826	1.658510
6.640625	17.707317	7.104492	2000.000000	2087.142621	-1.948568
6.665039	15.707317	7.128906	2000.000000	2078.663814	-1.758976
6.689453	14.707317	7.153320	2024.000000	2070.147286	-1.025749
6.713867	14.707317	7.177734	2039.000000	2061.738576	-0.503564
6.738281	7.707317	7.202148	2083.000000	2053.333393	0.650015
6.762695	1.707317	7.226562	2021.000000	2044.983647	-0.533497
6.787109	14.707317	7.250977	1941.000000	2036.626800	-2.170535
6.811523	3.707317	7.275391	1939.000000	2028.294037	-2.027839
6.835937	11.707317	7.299805	2002.000000	2020.068333	-0.403818
6.860352	9.707317	7.324219	1977.000000	2011.793480	-0.782518
6.884766	17.707317	7.348633	1927.000000	2003.656601	-1.746259
6.909180	6.707317	7.373047	1998.000000	1995.501359	0.055899
6.933594	10.707317	7.397461	1961.000000	1987.421292	-0.596644
6.958008	15.707317	7.421875	1925.000000	1979.395319	-1.239784
6.982422	5.707317	7.446289	2002.000000	1971.340143	0.685233
7.006836	14.707317	7.470703	1915.000000	1963.297420	-1.103671
7.031250	4.707317	7.495117	1886.000000	1955.422868	-1.598570
7.055664	13.707317	7.519531	1958.000000	1947.414642	0.239221
7.080078	7.707317	7.543945	1952.000000	1939.460215	0.283825
7.104492	7.707317	7.568359	1964.000000	1931.559365	0.732013
7.128906	10.707317	7.592773	1925.000000	1923.649563	0.030779
7.153320	3.707317	7.617187	1952.000000	1915.834692	0.818563
7.177734	10.707317	7.641602	1856.000000	1908.010515	-1.207264
7.202148	7.707317	7.666016	1905.000000	1900.228993	0.109311
7.226562	9.707317	7.690430	1935.000000	1892.438028	0.967567
7.250977	5.707317	7.714844	1901.000000	1884.731118	0.373136
7.275391	4.707317	7.739258	1908.000000	1877.035227	0.708890
7.299805	11.707317	7.763672	1850.000000	1869.288001	-0.448437
7.324219	3.707317	7.788086	1770.000000	1861.645419	-2.178332
7.348633	13.707317	7.812500	1851.000000	1854.055128	-0.071011
7.373047	8.707317	7.836914	1805.000000	1846.506527	-0.976962
7.397461	12.707317	7.861328	1751.000000	1838.916369	-2.101003
7.421875	14.707317	7.885742	1845.000000	1831.419823	0.316160
7.446289	8.707317	7.910156	1816.000000	1823.933427	-0.186167
7.470703	6.707317	7.934570	1793.000000	1816.540215	-0.555930
7.495117	19.707317	7.958984	1793.000000	1809.115190	-0.380579
7.519531	3.707317	7.983398	1754.000000	1801.741557	-1.139939
7.543945	5.707317	8.007812	1753.000000	1794.450260	-0.990003
7.568359	7.707317	8.032227	1757.000000	1787.137112	-0.718978
7.592773	3.707317	8.056641	1859.000000	1779.874897	1.835163
7.617187	9.707317	8.081055	1753.000000	1772.694556	-0.470387
7.641602	5.707317	8.105469	1777.000000	1765.512677	0.272505
7.666016	6.707317	8.129883	1776.000000	1758.329266	0.419308
7.690430	2.707317	8.154297	1709.000000	1751.102791	-1.018450
7.714844	7.707317	8.178711	1700.000000	1743.937275	-1.065635
7.739258	5.707317	8.203125	1748.000000	1736.801313	0.267853
7.763672	-2.292683	8.227539	1728.000000	1729.674013	-0.040271
7.788086	4.707317	8.251953	1774.000000	1722.555341	1.221416
7.812500	6.707317	8.276367	1692.000000	1715.528337	-0.571993
7.836914	7.707317	8.300781	1785.000000	1708.519931	1.810211
7.861328	0.707317	8.325195	1708.000000	1701.561199	0.155798
7.885742	6.707317	8.349609	1716.000000	1694.620784	0.516099
7.910156	4.707317	8.374023	1665.000000	1687.708995	-0.556533
7.934570	10.707317	8.398437	1736.000000	1680.836097	1.323976
7.958984	4.707317	8.422852	1724.000000	1674.001931	1.204161
7.983398	6.707317	8.447266	1636.000000	1667.185568	-0.771014
8.007812	11.707317	8.471680	1655.000000	1660.428472	-0.133438
8.032227	6.707317	8.496094	1573.000000	1653.678476	-2.034198
8.056641	8.707317	8.520508	1705.000000	1646.977089	1.405197
8.081055	13.707317	8.544922	1680.000000	1640.313727	0.968246
8.105469	10.707317	8.569336	1624.000000	1633.574002	-0.237575
8.129883	7.707317	8.593750	1599.000000	1626.945151	-0.698847
8.154297	0.707317	8.618164	1595.000000	1620.322871	-0.634063
8.178711	3.707317	8.642578	1612.000000	1613.738289	-0.043295
8.203125	3.707317	8.666992	1599.000000	1607.139327	-0.203547
8.227539	1.707317	8.691406	1578.000000	1600.629889	-0.569677
8.251953	-0.292683	8.715820	1653.000000	1594.136915	1.447793
8.276367	5.707317	8.740234	1655.000000	1587.639567	1.655792
8.300781	4.707317	8.764648	1613.000000	1581.117095	0.793854
8.325195	6.707317	8.789062	1558.000000	1574.642293	-0.421628
8.349609	5.707317	8.813477	1548.000000	1568.225350	-0.514056
8.374023	5.707317	8.837891	1615.000000	1561.855642	1.322425
8.398437	6.707317	8.862305	1640.000000	1555.439514	2.088072
8.422852	7.707317	8.886719	1540.000000	1549.070619	-0.231141
8.447266	6.707317	8.911133	1574.000000	1542.779914	0.786922
8.471680	9.707317	8.935547	1513.000000	1536.515155	-0.604545
8.496094	7.707317	8.959961	1548.000000	1530.234696	0.451531
8.520508	9.707317	8.984375	1471.000000	1523.990526	-1.381630
8.544922	10.707317	9.008789	1596.000000	1517.772109	1.958146
8.569336	0.707317	9.033203	1544.000000	1511.631263	0.823763
8.593750	8.707317	9.057617	1459.000000	1505.411899	-1.215071
8.618164	6.707317	9.082031	1520.000000	1499.290878	0.531178
8.642578	7.707317	9.106445	1566.000000	1493.143181	1.841087
8.666992	3.707317	9.130859	1466.000000	1487.031224	-0.549285
8.691406	9.707317	9.155273	1541.000000	1480.916361	1.530576
8.715820	8.707317	9.179687	1377.000000	1474.826719	-2.636274
8.740234	5.707317	9.204102	1503.000000	1468.762194	0.883134
8.764648	0.707317	9.228516	1504.000000	1462.722681	1.064358
8.789062	2.707317	9.252930	1416.000000	1456.708078	-1.081805
8.813477	5.707317	9.277344	1450.000000	1450.718282	-0.018863
8.837891	7.707317	9.301758	1524.000000	1444.753191	2.029969
8.862305	0.707317	9.326172	1454.000000	1438.812702	0.398289
8.886719	2.707317	9.350586	1393.000000	1432.896715	-1.068960
8.911133	7.707317	9.375000	1481.000000	1427.005128	1.403056
8.935547	7.707317	9.399414	1413.000000	1421.137840	-0.216490
8.959961	3.707317	9.423828	1456.000000	1415.294752	1.066767
8.984375	4.707317	9.448242	1462.000000	1409.475764	1.373682
9.008789	4.707317	9.472656	1425.000000	1403.680776	0.564760
9.033203	9.707317	9.497070	1417.000000	1397.909688	0.507140
9.057617	-0.292683	9.521484	1390.000000	1392.162404	-0.058000
9.082031	6.707317	9.545898	1374.000000	1386.438824	-0.335572
9.106445	1.707317	9.570312	1361.000000	1380.738851	-0.535048
9.130859	2.707317	9.594727	1383.000000	1375.062386	0.213441
9.619141	1377.000000	1369.409335	0.204556
9.643555	1400.000000	1363.779599	0.968031
9.667969	1352.000000	1358.173082	-0.167886
9.692383	1298.000000	1352.589690	-1.515212
9.716797	1459.000000	1347.029326	2.931411
9.741211	1319.000000	1341.491895	-0.619304
9.765625	1317.000000	1335.977303	-0.522928
9.790039	1391.000000	1330.485457	1.622543
9.814453	1393.000000	1325.016260	1.821501
9.838867	1363.000000	1319.569622	1.176375
9.863281	1346.000000	1314.145448	0.868258
9.887695	1363.000000	1308.743645	1.469612
9.912109	1325.000000	1303.364122	0.594383
9.936523	1344.000000	1298.006787	1.254568
9.960937	1290.000000	1292.671548	-0.074382
9.985352	1318.000000	1287.358314	0.844024
10.009766	1305.000000	1282.066994	0.634828
10.034180	1295.000000	1276.797498	0.505820
10.058594	1283.000000	1271.549735	0.319670
10.083008	1232.000000	1266.323617	-0.977885
10.107422	1290.000000	1261.119054	0.804112
10.131836	1282.000000	1255.935957	0.727944
10.156250	1291.000000	1250.774237	1.119544
10.180664	1210.000000	1245.633806	-1.024400
10.205078	1245.000000	1240.514577	0.127121
10.229492	1207.000000	1235.416462	-0.817930
10.253906	1272.000000	1230.339374	1.168106
10.278320	1167.000000	1225.283227	-1.706114
10.302734	1228.000000	1220.247933	0.221217
10.327148	1227.000000	1215.233407	0.335914
10.351562	1194.000000	1210.239563	-0.469972
10.375977	1222.000000	1205.266316	0.478692
10.400391	1191.000000	1200.313581	-0.269874
10.424805	1148.000000	1195.381273	-1.398414
10.449219	1235.000000	1190.469309	1.267144
10.473633	1237.000000	1185.577604	1.462068
10.498047	1198.000000	1180.706074	0.499649
10.522461	1150.000000	1175.854637	-0.762412
10.546875	1223.000000	1171.023209	1.486265
10.571289	1207.000000	1166.211708	1.174037
10.595703	1151.000000	1161.420052	-0.307137
10.620117	1113.000000	1156.648159	-1.308333
10.644531	1115.000000	1151.895948	-1.104946
10.668945	1147.000000	1147.163337	-0.004823
10.693359	1146.000000	1142.450245	0.104859
10.717773	1099.000000	1137.756592	-1.169087
10.742187	1110.000000	1133.082298	-0.692815
10.766602	1048.000000	1128.427283	-2.484407
10.791016	1144.000000	1123.791468	0.597478
10.815430	1092.000000	1119.174772	-0.822346
10.839844	1066.000000	1114.577118	-1.487829
10.864258	1165.000000	1109.998427	1.611433
10.888672	1135.000000	1105.438621	0.877459
10.913086	1072.000000	1100.897621	-0.882602
10.937500	1096.000000	1096.375350	-0.011338
10.961914	1118.000000	1091.871731	0.781429
10.986328	1028.000000	1087.386688	-1.852220
11.010742	1078.000000	1082.920142	-0.149854
11.035156	1058.000000	1078.472019	-0.629387
11.059570	1060.000000	1074.042242	-0.431304
11.083984	1033.000000	1069.630735	-1.139713
11.108398	1108.000000	1065.237423	1.284677
11.132812	1060.000000	1060.862232	-0.026483
11.157227	1026.000000	1056.505085	-0.952354
11.181641	1010.000000	1052.165910	-1.326786
11.206055	988.000000	1047.844631	-1.903911
11.230469	1025.000000	1043.541175	-0.579129
11.254883	1110.000000	1039.255469	2.123398
11.279297	981.000000	1034.987439	-1.723686
11.303711	1003.000000	1030.737012	-0.875809
11.328125	936.000000	1026.504116	-2.958220
11.352539	1017.000000	1022.288678	-0.165839
11.376953	1015.000000	1018.090626	-0.097009
11.401367	956.000000	1013.909890	-1.872940
11.425781	1002.000000	1009.746396	-0.244718
11.450195	973.000000	1005.600075	-1.045110
11.474609	954.000000	1001.470855	-1.536926
11.499023	985.000000	997.358666	-0.393780
11.523437	953.000000	993.263437	-1.304261
11.547852	962.000000	989.185099	-0.876483
11.572266	973.000000	985.123582	-0.388664
11.596680	979.000000	981.078817	-0.066439
11.621094	1011.000000	977.050734	1.067714
11.645508	926.000000	973.039264	-1.545806
11.669922	968.000000	969.044340	-0.033566
11.694336	965.000000	965.065893	-0.002121
11.718750	980.000000	961.103855	0.603615
11.743164	942.000000	957.158157	-0.493879
11.767578	916.000000	953.228734	-1.230072
11.791992	927.000000	949.315518	-0.732938
11.816406	922.000000	945.418441	-0.771245
11.840820	912.000000	941.537438	-0.978082
11.865234	885.000000	937.672441	-1.770565
11.889648	890.000000	933.823386	-1.468963
11.914062	902.000000	929.990206	-0.931972
11.938477	910.000000	926.172836	-0.536124
11.962891	912.000000	922.371210	-0.343425
11.987305	876.000000	918.585264	-1.438823
12.011719	934.000000	914.814933	0.627755
12.036133	948.000000	911.060153	1.199750
12.060547	896.000000	907.320859	-0.378203
12.084961	902.000000	903.596988	-0.053174
12.109375	881.000000	899.888475	-0.636369
12.133789	878.000000	896.195258	-0.614060
12.158203	883.000000	892.517274	-0.320282
12.182617	904.000000	888.854459	0.503733
12.207031	942.000000	885.206752	1.850424
12.231445	887.000000	881.574089	0.182184
12.255859	889.000000	877.956409	0.370390
12.280273	830.000000	874.353650	-1.539538
12.304687	883.000000	870.765751	0.411715
12.329102	839.000000	867.192649	-0.973318
12.353516	887.000000	863.634285	0.784544
12.377930	818.000000	860.090597	-1.471663
12.402344	884.000000	856.561525	0.922856
12.426758	813.000000	853.047008	-1.404510
12.451172	859.000000	849.546987	0.322533
12.475586	868.000000	846.061401	0.744645
12.500000	809.000000	842.590192	-1.180968
12.524414	805.000000	839.133300	-1.203041
12.548828	871.000000	835.690665	1.196411
12.573242	820.000000	832.262229	-0.428216
12.597656	817.000000	828.847934	-0.414507
12.622070	803.000000	825.447721	-0.792163
12.646484	828.000000	822.061532	0.206376
12.670898	798.000000	818.689309	-0.732394
12.695312	826.000000	815.330995	0.371222
12.719727	793.000000	811.986531	-0.674232
12.744141	806.000000	808.655862	-0.093549
12.768555	799.000000	805.338931	-0.224255
12.792969	787.000000	802.035679	-0.535964
12.817383	804.000000	798.746052	0.185292
12.841797	804.000000	795.469993	0.300830
12.866211	754.000000	792.207446	-1.391433
12.890625	825.000000	788.958355	1.254809
12.915039	800.000000	785.722665	0.504780
12.939453	839.000000	782.500320	1.950586
12.963867	732.000000	779.291266	-1.747935
12.988281	809.000000	776.095447	1.156862
13.012695	754.000000	772.912809	-0.688764
13.037109	764.000000	769.743298	-0.207785
13.061523	740.000000	766.586860	-0.977352
13.085937	726.000000	763.443440	-1.389656
13.110352	762.000000	760.312985	0.061114
13.134766	705.000000	757.195441	-1.965794
13.159180	767.000000	754.090756	0.466126
13.183594	732.000000	750.998875	-0.702219
13.208008	753.000000	747.919748	0.185135
13.232422	763.000000	744.853319	0.656954
13.256836	735.000000	741.799538	-0.250805
13.281250	743.000000	738.758353	0.155611
13.305664	707.000000	735.729710	-1.080492
13.330078	719.000000	732.713559	-0.511429
13.354492	765.000000	729.709849	1.275918
13.378906	759.000000	726.718526	1.171743
13.403320	686.000000	723.739542	-1.440902
13.427734	744.000000	720.772844	0.851549
13.452148	742.000000	717.818382	0.887735
13.476562	679.000000	714.876105	-1.376799
13.500977	682.000000	711.945964	-1.146690
13.525391	716.000000	709.027908	0.260559
13.549805	716.000000	706.121888	0.369162
13.574219	729.000000	703.227853	0.954524
13.598633	686.000000	700.345755	-0.547723
13.623047	666.000000	697.475544	-1.219653
13.647461	706.000000	694.617170	0.428398
13.671875	707.000000	691.770586	0.572761
13.696289	721.000000	688.935743	1.194135
13.720703	696.000000	686.112592	0.374781
13.745117	691.000000	683.301085	0.292881
13.769531	719.000000	680.501174	1.435764
13.793945	683.000000	677.712810	0.202309
13.818359	682.000000	674.935948	0.270497
13.842773	743.000000	672.170538	2.598481
13.867187	703.000000	669.416534	1.266624
13.891602	658.000000	666.673889	-0.338143
13.916016	673.000000	663.942556	0.349139
13.940430	628.000000	661.222489	-1.325722
13.964844	700.000000	658.513640	1.568037
13.989258	651.000000	655.815963	-0.188752
14.013672	650.000000	653.129413	-0.122746
14.038086	641.000000	650.453944	-0.373408
14.062500	652.000000	647.789509	0.164896
14.086914	656.000000	645.136064	0.424165
14.111328	638.000000	642.493563	-0.177902
14.135742	656.000000	639.861960	0.630085
14.160156	649.000000	637.241212	0.461573
14.184570	610.000000	634.631273	-0.997291
14.208984	634.000000	632.032098	0.078155
14.233398	630.000000	629.443644	0.022166
14.257812	621.000000	626.865865	-0.235389
14.282227	618.000000	624.298719	-0.253372
14.306641	589.000000	621.742160	-1.349117
14.331055	650.000000	619.196146	1.208227
14.355469	573.000000	616.660633	-1.823949
14.379883	624.000000	614.135577	0.394893
14.404297	662.000000	611.620936	1.958038
14.428711	661.000000	609.116667	2.018028
14.453125	624.000000	606.622726	0.695648
14.477539	592.000000	604.139072	-0.498913
14.501953	665.000000	601.665661	2.456000
14.526367	590.000000	599.202452	-0.378859
14.550781	619.000000	596.749402	0.894327
14.575195	616.000000	594.306469	0.874057
14.599609	599.000000	591.873612	0.291176
14.624023	629.000000	589.450790	1.576930
14.648437	634.000000	587.037960	1.865101
14.672852	624.000000	584.635082	1.575858
14.697266	569.000000	582.242115	-0.555138
14.721680	624.000000	579.859017	1.767054
14.746094	613.000000	577.485748	1.434407
14.770508	612.000000	575.122268	1.490694
14.794922	605.000000	572.768536	1.310395
14.819336	576.000000	570.424511	0.232312
14.843750	554.000000	568.090155	-0.598633
14.868164	567.000000	565.765426	0.051847
14.892578	569.000000	563.450286	0.232656
14.916992	593.000000	561.144694	1.308141
14.941406	574.000000	558.848612	0.632407
14.965820	544.000000	556.562000	-0.538591
14.990234	533.000000	554.284819	-0.921948
15.014648	500.000000	552.017030	-2.326272
15.039062	517.000000	549.758594	-1.440721
15.063477	562.000000	547.509473	0.611246
15.087891	571.000000	545.269629	1.076783
15.112305	532.000000	543.039022	-0.478602
15.136719	546.000000	540.817616	0.221786
15.161133	536.000000	538.605372	-0.112535
15.185547	546.000000	536.402252	0.410746
15.209961	489.000000	534.208219	-2.044386
15.234375	541.000000	532.023235	0.385941
15.258789	500.000000	529.847263	-1.334810
15.283203	558.000000	527.680266	1.283537
15.307617	562.000000	525.522206	1.538723
15.332031	546.000000	523.373047	0.968344
15.356445	562.000000	521.232752	1.719663
15.380859	562.000000	519.101285	1.809573
15.405273	492.000000	516.978609	-1.126123
15.429687	529.000000	514.864688	0.614579
15.454102	499.000000	512.759485	-0.615959
15.478516	529.000000	510.662966	0.797262
15.502930	549.000000	508.575093	1.725293
15.527344	497.000000	506.495832	-0.425946
15.551758	478.000000	504.425147	-1.208658
15.576172	536.000000	502.363002	1.452897
15.600586	489.000000	500.309362	-0.511427
15.625000	511.000000	498.264193	0.563399
15.649414	486.000000	496.227458	-0.463927
15.673828	534.000000	494.199124	1.722352
15.698242	491.000000	492.179156	-0.053215
15.722656	517.000000	490.167519	1.180091
15.747070	484.000000	488.164179	-0.189281
15.771484	500.000000	486.169102	0.618537
15.795898	483.000000	484.182254	-0.053794
15.820312	495.000000	482.203600	0.575155
15.844727	473.000000	480.233106	-0.332579
15.869141	483.000000	478.270741	0.215189
15.893555	433.000000	476.316468	-2.081657
15.917969	443.000000	474.370257	-1.490446
15.942383	527.000000	472.432072	2.377016
15.966797	468.000000	470.501881	-0.115649
15.991211	449.000000	468.579651	-0.924021
16.015625	469.000000	466.665349	0.107804
16.040039	461.000000	464.758943	-0.175071
16.064453	508.000000	462.860400	2.002746
16.088867	497.000000	460.969687	1.616180
16.113281	485.000000	459.086772	1.176659
16.137695	492.000000	457.211624	1.568381
16.162109	492.000000	455.344209	1.652571
16.186523	436.000000	453.484496	-0.837356
16.210937	472.000000	451.632454	0.937492
16.235352	418.000000	449.788050	-1.554804
16.259766	455.000000	447.951254	0.330450
16.284180	450.000000	446.122033	0.182809
16.308594	461.000000	444.300357	0.777780
16.333008	416.000000	442.486194	-1.298593
16.357422	443.000000	440.679514	0.110250
16.381836	476.000000	438.880285	1.701379
16.406250	482.000000	437.088477	2.045664
16.430664	411.000000	435.304059	-1.198831
16.455078	442.000000	433.527002	0.403019
16.479492	454.000000	431.757273	1.043903
16.503906	440.000000	429.994844	0.476977
16.528320	423.000000	428.239683	-0.254762
16.552734	455.000000	426.491762	1.336487
16.577148	420.000000	424.751050	-0.231828
16.601562	424.000000	423.017518	0.047714
16.625977	388.000000	421.291135	-1.690101
16.650391	427.000000	419.571873	0.359472
16.674805	442.000000	417.859702	1.148237
16.699219	431.000000	416.154593	0.715078
16.723633	405.000000	414.456516	-0.469898
16.748047	405.000000	412.765443	-0.385868
16.772461	409.000000	411.081345	-0.102916
16.796875	416.000000	409.404192	0.323386
16.821289	382.000000	407.733957	-1.316664
16.845703	423.000000	406.070611	0.823135
16.870117	396.000000	404.414125	-0.422826
16.894531	407.000000	402.764472	0.209947
16.918945	427.000000	401.121622	1.252342
16.943359	415.000000	399.485548	0.761574
16.967773	443.000000	397.856222	2.144846
16.992187	397.000000	396.233616	0.038464
17.016602	390.000000	394.617703	-0.233826
17.041016	430.000000	393.008454	1.783891
17.065430	402.000000	391.405843	0.528389
17.089844	411.000000	389.809841	1.045233
17.114258	401.000000	388.220422	0.638182
17.138672	428.000000	386.637559	1.999329
17.163086	399.000000	385.061224	0.697812
17.187500	414.000000	383.491390	1.499416
17.211914	395.000000	381.928032	0.657722
17.236328	414.000000	380.371121	1.652769
17.260742	414.000000	378.820632	1.728972
17.285156	390.000000	377.276537	0.644278
17.309570	429.000000	375.738811	2.571474
17.333984	408.000000	374.207428	1.672982
17.358398	379.000000	372.682360	0.324515
17.382812	360.000000	371.163583	-0.588372
17.407227	370.000000	369.651070	0.018140
17.431641	380.000000	368.144795	0.608159
17.456055	393.000000	366.644733	1.329447
17.480469	415.000000	365.150857	2.446998
17.504883	394.000000	363.663143	1.528349
17.529297	380.000000	362.181565	0.914066
17.553711	359.000000	360.706098	-0.090044
17.578125	348.000000	359.236717	-0.602351
17.602539	385.000000	357.773395	1.387596
17.626953	334.000000	356.316109	-1.221083
17.651367	353.000000	354.864834	-0.099255
17.675781	371.000000	353.419544	0.912732
17.700195	360.000000	351.980216	0.422680
17.724609	382.000000	350.546823	1.609285
17.749023	369.000000	349.119343	1.034946
17.773437	385.000000	347.697750	1.901099
17.797852	352.000000	346.282021	0.304769
17.822266	347.000000	344.872131	0.114230
17.846680	333.000000	343.468056	-0.573646
17.871094	358.000000	342.069772	0.841939
17.895508	357.000000	340.677255	0.863891
17.919922	320.000000	339.290481	-1.078371
17.944336	356.000000	337.909427	0.958798
17.968750	338.000000	336.534069	0.079736
17.993164	329.000000	335.164384	-0.339853
18.017578	356.000000	333.800348	1.176579
18.041992	327.000000	332.441938	-0.300940
18.066406	343.000000	331.089131	0.643126
18.090820	325.000000	329.741903	-0.263033
18.115234	329.000000	328.400232	0.033066
18.139648	328.000000	327.064094	0.051677
18.164062	332.000000	325.733467	0.343921
18.188477	293.000000	324.408329	-1.834894
18.212891	329.000000	323.088656	0.325903
18.237305	340.000000	321.774425	0.988421
18.261719	299.000000	320.465616	-1.241389
18.286133	325.000000	319.162204	0.323823
18.310547	304.000000	317.864169	-0.795165
18.334961	324.000000	316.571487	0.412695
18.359375	322.000000	315.284136	0.374260
18.383789	317.000000	314.002095	0.168379
18.408203	288.000000	312.725342	-1.456955
18.432617	295.000000	311.453855	-0.957980
18.457031	298.000000	310.187612	-0.706009
18.481445	306.000000	308.926592	-0.167302
18.505859	329.000000	307.670773	1.175918
18.530273	302.000000	306.420133	-0.254350
18.554687	303.000000	305.174651	-0.124930
18.579102	332.000000	303.934307	1.540305
18.603516	301.000000	302.699078	-0.097933
18.627930	328.000000	301.468944	1.464933
18.652344	307.000000	300.243883	0.385592
18.676758	294.000000	299.023875	-0.292998
18.701172	296.000000	297.808899	-0.105140
18.725586	291.000000	296.598934	-0.328215
18.750000	292.000000	295.393960	-0.198616
18.774414	296.000000	294.193955	0.104974
18.798828	300.000000	292.998900	0.404209
18.823242	313.000000	291.808774	1.197799
18.847656	297.000000	290.623556	0.369999
18.872070	284.000000	289.443227	-0.322996
18.896484	296.000000	288.267766	0.449427
18.920898	279.000000	287.097153	-0.484764
18.945312	263.000000	285.931369	-1.414009
18.969727	286.000000	284.770392	0.072708
18.994141	290.000000	283.614204	0.374987
19.018555	315.000000	282.462785	1.833264
19.042969	284.000000	281.316114	0.159259
19.067383	296.000000	280.174173	0.919858
19.091797	279.000000	279.036942	-0.002212
19.116211	282.000000	277.904401	0.243889
19.140625	273.000000	276.776532	-0.228566
19.165039	272.000000	275.653314	-0.221515
19.189453	290.000000	274.534729	0.908152
19.213867	308.000000	273.420757	1.970335
19.238281	276.000000	272.311380	0.222029
19.262695	298.000000	271.206579	1.552101
19.287109	275.000000	270.106334	0.295099
19.311523	273.000000	269.010627	0.241448
19.335937	279.000000	267.919440	0.663376
19.360352	286.000000	266.832753	1.133383
19.384766	276.000000	265.750548	0.616945
19.409180	239.000000	264.672806	-1.660636
19.433594	259.000000	263.599510	-0.285800
19.458008	281.000000	262.530640	1.101790
19.482422	299.000000	261.466179	2.170637
19.506836	256.000000	260.406108	-0.275382
19.531250	249.000000	259.350409	-0.655931
19.555664	273.000000	258.299065	0.889741
19.580078	250.000000	257.252057	-0.458660
19.604492	270.000000	256.209367	0.839271
19.628906	270.000000	255.170977	0.902466
19.653320	250.000000	254.136871	-0.261639
19.677734	269.000000	253.107030	0.969012
19.702148	244.000000	252.081436	-0.517361
19.726562	254.000000	251.060072	0.184468
19.750977	272.000000	250.042920	1.331344
19.775391	267.000000	249.029964	1.099748
19.799805	265.000000	248.021186	1.043000
19.824219	285.000000	247.016569	2.249944
19.848633	259.000000	246.016095	0.806781
19.873047	251.000000	245.019747	0.377470
19.897461	251.000000	244.027509	0.440100
19.921875	238.000000	243.039363	-0.326653
19.946289	253.000000	242.055293	0.688088
19.970703	274.000000	241.075281	1.989055
19.995117	268.000000	240.099312	1.704306
20.019531	265.000000	239.127368	1.589343
20.043945	244.000000	238.159432	0.373904
20.068359	227.000000	237.195489	-0.676698
20.092773	231.000000	236.235522	-0.344472
20.117187	231.000000	235.279514	-0.281571
20.141602	221.000000	234.327449	-0.896501
20.166016	248.000000	233.379311	0.928415
20.190430	236.000000	232.435083	0.232056
20.214844	257.000000	231.494750	1.590974
20.239258	240.000000	230.558295	0.609459
20.263672	214.000000	229.625702	-1.068151
20.288086	250.000000	228.696956	1.347323
20.312500	215.000000	227.772040	-0.871046
20.336914	229.000000	226.850940	0.142014
20.361328	215.000000	225.933638	-0.745668
20.385742	214.000000	225.020119	-0.753320
20.410156	229.000000	224.110369	0.323116
20.434570	229.000000	223.204371	0.382986
20.458984	217.000000	222.302109	-0.359931
20.483398	244.000000	221.403569	1.446588
20.507812	229.000000	220.508734	0.561119
20.532227	213.000000	219.617591	-0.453430
20.556641	224.000000	218.730123	0.352108
20.581055	242.000000	217.846315	1.552658
20.605469	217.000000	216.966152	0.002298
20.629883	213.000000	216.089620	-0.211697
20.654297	238.000000	215.216703	1.476822
20.678711	240.000000	214.347386	1.655869
20.703125	206.000000	213.481655	-0.521272
20.727539	226.000000	212.619494	0.890058
20.751953	193.000000	211.760889	-1.350438
20.776367	202.000000	210.905826	-0.626612
20.800781	217.000000	210.054403	0.471498
20.825195	222.000000	209.205712	0.858696
20.849609	211.000000	208.360912	0.181682
20.874023	224.000000	207.518036	1.101248
20.898437	201.000000	206.681366	-0.400733
20.922852	239.000000	205.847367	2.144466
20.947266	217.000000	205.017587	0.813419
20.971680	224.000000	204.190841	1.323555
20.996094	229.000000	203.365944	1.693946
21.020508	185.000000	202.544839	-1.289922
21.044922	192.000000	201.728291	-0.702079
21.069336	184.000000	200.916280	-1.247085
21.093750	215.000000	200.106449	1.015732
21.118164	190.000000	199.299568	-0.674662
21.142578	211.000000	198.494845	0.860890
21.166992	222.000000	197.695001	1.631245
21.191406	203.000000	196.898456	0.428244
21.215820	201.000000	196.104416	0.345308
21.240234	204.000000	195.312481	0.608248
