Name des Datensatzes:	BLOCK 2
Wiederholrate [ns]:	19.604
Zeit Shift [ns] (fest):	0.000
Offset (fest):	3.211

Komponente 1
tau [ns]:	5.537460
A:	0.587976
%:	100.000000
f:	1.000000

t_irf	irf	t	daten	fit	res
[ns]	counts (offset korrigiert)	[ns]			counts 
1.391602	1.345679	1.660156	212.000000	200.818883	0.767922
1.416016	-1.654321	1.684570	221.000000	200.784667	1.359830
1.440430	0.345679	1.708984	209.000000	201.137674	0.543848
1.464844	6.345679	1.733398	235.000000	199.810593	2.295504
1.489258	1.345679	1.757812	202.000000	200.374812	0.114348
1.513672	1.345679	1.782227	207.000000	201.530549	0.380153
1.538086	0.345679	1.806641	221.000000	200.305203	1.392083
1.562500	3.345679	1.831055	197.000000	202.545782	-0.395121
1.586914	0.345679	1.855469	226.000000	202.503969	1.562933
1.611328	1.345679	1.879883	202.000000	199.879414	0.149204
1.635742	-0.654321	1.904297	217.000000	198.350941	1.265981
1.660156	-1.654321	1.928711	220.000000	198.327582	1.461154
1.684570	1.345679	1.953125	209.000000	196.909399	0.836324
1.708984	2.345679	1.977539	209.000000	195.600919	0.926834
1.733398	-0.654321	2.001953	210.000000	194.608586	1.062108
1.757812	2.345679	2.026367	213.000000	192.612764	1.396910
1.782227	3.345679	2.050781	220.000000	193.802647	1.766225
1.806641	-0.654321	2.075195	214.000000	194.186369	1.354432
1.831055	5.345679	2.099609	196.000000	195.369331	0.045048
1.855469	1.345679	2.124023	217.000000	194.171089	1.549727
1.879883	-2.654321	2.148437	202.000000	192.177192	0.691130
1.904297	-0.654321	2.172852	210.000000	189.804994	1.393588
1.928711	1.345679	2.197266	199.000000	188.527767	0.742357
1.953125	-0.654321	2.221680	201.000000	192.215084	0.619640
1.977539	-0.654321	2.246094	192.000000	191.417790	0.042017
2.001953	-0.654321	2.270508	211.000000	191.321468	1.354726
2.026367	-1.654321	2.294922	226.000000	190.347961	2.371538
2.050781	3.345679	2.319336	217.000000	189.482201	1.868030
2.075195	2.345679	2.343750	205.000000	189.808248	1.061038
2.099609	3.345679	2.368164	236.000000	188.531007	3.089968
2.124023	-0.654321	2.392578	222.000000	187.853384	2.291771
2.148437	-1.654321	2.416992	182.000000	186.998598	-0.370521
2.172852	-2.654321	2.441406	207.000000	185.243181	1.512203
2.197266	-0.654321	2.465820	188.000000	185.871486	0.155238
2.221680	7.345679	2.490234	191.000000	187.194489	0.275357
2.246094	0.345679	2.514648	183.000000	191.378207	-0.619335
2.270508	1.345679	2.539062	214.000000	193.864984	1.376401
2.294922	-0.654321	2.563477	207.000000	199.414284	0.527244
2.319336	-0.654321	2.587891	221.000000	205.119316	1.068250
2.343750	1.345679	2.612305	229.000000	209.921643	1.260733
2.368164	-0.654321	2.636719	205.000000	216.871914	-0.829170
2.392578	0.345679	2.661133	235.000000	231.023069	0.259426
2.416992	-0.654321	2.685547	251.000000	241.057437	0.627569
2.441406	-1.654321	2.709961	271.000000	273.025648	-0.123049
2.465820	2.345679	2.734375	332.000000	332.357353	-0.019612
2.490234	3.345679	2.758789	379.000000	442.822406	-3.278337
2.514648	8.345679	2.783203	555.000000	572.894026	-0.759559
2.539062	5.345679	2.807617	734.000000	759.520865	-0.941992
2.563477	10.345679	2.832031	1060.000000	999.974665	1.843664
2.587891	11.345679	2.856445	1300.000000	1267.081718	0.912989
2.612305	9.345679	2.880859	1759.000000	1564.315553	4.641927
2.636719	13.345679	2.905273	2036.000000	1868.841404	3.704587
2.661133	25.345679	2.929687	2412.000000	2168.567056	4.956678
2.685547	18.345679	2.954102	2644.000000	2431.230716	4.137883
2.709961	55.345679	2.978516	3038.000000	2681.245950	6.472544
2.734375	102.345679	3.002930	3232.000000	2905.523726	5.742698
2.758789	188.345679	3.027344	3475.000000	3131.577933	5.825736
2.783203	222.345679	3.051758	3505.000000	3303.384646	3.405490
2.807617	318.345679	3.076172	3805.000000	3458.991559	5.609309
2.832031	410.345679	3.100586	3836.000000	3580.649949	4.122842
2.856445	457.345679	3.125000	3918.000000	3673.157695	3.911598
2.880859	509.345679	3.149414	4104.000000	3751.983562	5.494893
2.905273	524.345679	3.173828	4116.000000	3804.430140	4.856437
2.929687	518.345679	3.198242	4043.000000	3839.316542	3.203346
2.954102	458.345679	3.222656	4192.000000	3875.547863	4.887620
2.978516	439.345679	3.247070	4170.000000	3892.508343	4.297164
3.002930	397.345679	3.271484	4218.000000	3906.424213	4.797450
3.027344	402.345679	3.295898	4127.000000	3913.641405	3.321184
3.051758	312.345679	3.320312	4271.000000	3923.616701	5.315500
3.076172	286.345679	3.344727	4126.000000	3928.382261	3.076531
3.100586	230.345679	3.369141	4264.000000	3927.704179	5.150067
3.125000	182.345679	3.393555	4032.000000	3928.397224	1.631590
3.149414	160.345679	3.417969	3961.000000	3930.378684	0.486543
3.173828	116.345679	3.442383	4069.000000	3922.046505	2.303754
3.198242	87.345679	3.466797	3967.000000	3920.284977	0.741695
3.222656	89.345679	3.491211	4109.000000	3922.198660	2.914150
3.247070	57.345679	3.515625	3987.000000	3918.757927	1.080760
3.271484	52.345679	3.540039	3980.000000	3912.672724	1.067209
3.295898	41.345679	3.564453	4095.000000	3909.480826	2.899091
3.320312	45.345679	3.588867	4052.000000	3901.861363	2.358619
3.344727	37.345679	3.613281	3993.000000	3895.436636	1.543964
3.369141	27.345679	3.637695	4029.000000	3891.416171	2.167548
3.393555	30.345679	3.662109	4102.000000	3882.274324	3.430702
3.417969	32.345679	3.686523	3989.000000	3871.777767	1.856000
3.442383	15.345679	3.710937	4007.000000	3864.711239	2.247817
3.466797	26.345679	3.735352	3961.000000	3854.989408	1.684406
3.491211	32.345679	3.759766	3958.000000	3844.612883	1.802295
3.515625	23.345679	3.784180	3924.000000	3838.259858	1.368736
3.540039	18.345679	3.808594	3960.000000	3826.588785	2.120043
3.564453	23.345679	3.833008	3778.000000	3821.890123	-0.714062
3.588867	15.345679	3.857422	3839.000000	3810.781599	0.455432
3.613281	18.345679	3.881836	3826.000000	3802.691941	0.376820
3.637695	22.345679	3.906250	3811.000000	3790.272947	0.335752
3.662109	13.345679	3.930664	3709.000000	3779.303513	-1.154380
3.686523	11.345679	3.955078	3888.000000	3771.248870	1.872397
3.710937	16.345679	3.979492	3845.000000	3758.090592	1.401582
3.735352	12.345679	4.003906	3857.000000	3748.347269	1.749508
3.759766	11.345679	4.028320	3839.000000	3740.739200	1.585883
3.784180	17.345679	4.052734	3799.000000	3736.625134	1.011987
3.808594	8.345679	4.077148	3787.000000	3728.371168	0.952716
3.833008	20.345679	4.101562	3777.000000	3719.145660	0.941375
3.857422	9.345679	4.125977	3694.000000	3712.647125	-0.306806
3.881836	14.345679	4.150391	3753.000000	3703.207181	0.812788
3.906250	7.345679	4.174805	3805.000000	3693.705301	1.804252
3.930664	9.345679	4.199219	3708.000000	3683.340831	0.404957
3.955078	14.345679	4.223633	3771.000000	3672.945275	1.596762
3.979492	5.345679	4.248047	3674.000000	3660.399597	0.224379
4.003906	11.345679	4.272461	3652.000000	3649.200573	0.046324
4.028320	14.345679	4.296875	3612.000000	3637.069744	-0.417134
4.052734	20.345679	4.321289	3561.000000	3626.774279	-1.102225
4.077148	13.345679	4.345703	3558.000000	3616.420643	-0.979407
4.101562	12.345679	4.370117	3663.000000	3605.725482	0.946331
4.125977	16.345679	4.394531	3648.000000	3593.682444	0.899317
4.150391	11.345679	4.418945	3568.000000	3581.098386	-0.219283
4.174805	11.345679	4.443359	3593.000000	3568.466224	0.409294
4.199219	10.345679	4.467773	3563.000000	3556.690560	0.105702
4.223633	9.345679	4.492187	3579.000000	3544.476164	0.577083
4.248047	6.345679	4.516602	3440.000000	3537.661497	-1.665115
4.272461	8.345679	4.541016	3460.000000	3524.522959	-1.096923
4.296875	6.345679	4.565430	3513.000000	3514.619145	-0.027318
4.321289	9.345679	4.589844	3489.000000	3501.753136	-0.215907
4.345703	9.345679	4.614258	3392.000000	3487.755729	-1.644133
4.370117	8.345679	4.638672	3335.000000	3476.195896	-2.444973
4.394531	6.345679	4.663086	3273.000000	3462.310920	-3.309045
4.418945	5.345679	4.687500	3494.000000	3451.457024	0.719725
4.443359	5.345679	4.711914	3469.000000	3440.650876	0.481324
4.467773	6.345679	4.736328	3336.000000	3430.486266	-1.635896
4.492187	5.345679	4.760742	3431.000000	3419.178373	0.201821
4.516602	14.345679	4.785156	3371.000000	3406.732226	-0.615433
4.541016	4.345679	4.809570	3378.000000	3396.122831	-0.311814
4.565430	9.345679	4.833984	3297.000000	3384.372110	-1.521645
4.589844	4.345679	4.858398	3249.000000	3373.267081	-2.180124
4.614258	2.345679	4.882812	3268.000000	3360.428907	-1.616839
4.638672	6.345679	4.907227	3204.000000	3351.211208	-2.600726
4.663086	2.345679	4.931641	3177.000000	3339.064062	-2.875267
4.687500	7.345679	4.956055	3247.000000	3326.376353	-1.392996
4.711914	7.345679	4.980469	3317.000000	3313.744460	0.056526
4.736328	8.345679	5.004883	3286.000000	3299.980138	-0.243881
4.760742	6.345679	5.029297	3089.000000	3286.276368	-3.549491
4.785156	4.345679	5.053711	3235.000000	3274.414882	-0.692984
4.809570	7.345679	5.078125	3144.000000	3263.793576	-2.136448
4.833984	5.345679	5.102539	3069.000000	3248.466998	-3.239561
4.858398	6.345679	5.126953	3191.000000	3240.929840	-0.883887
4.882812	3.345679	5.151367	3172.000000	3229.861841	-1.027367
4.907227	9.345679	5.175781	3116.000000	3217.654533	-1.821076
4.931641	4.345679	5.200195	3128.000000	3203.718929	-1.353852
4.956055	3.345679	5.224609	2991.000000	3192.814628	-3.690154
4.980469	3.345679	5.249023	3244.000000	3178.988299	1.141435
5.004883	1.345679	5.273437	3070.000000	3167.004794	-1.750749
5.029297	1.345679	5.297852	2946.000000	3154.480006	-3.841033
5.053711	4.345679	5.322266	2982.000000	3142.604318	-2.941057
5.078125	6.345679	5.346680	3056.000000	3131.968871	-1.374229
5.102539	-1.654321	5.371094	2945.000000	3121.380212	-3.250178
5.126953	11.345679	5.395508	3024.000000	3109.056136	-1.546731
5.151367	5.345679	5.419922	2963.000000	3098.568275	-2.490533
5.175781	3.345679	5.444336	2884.000000	3085.156553	-3.745731
5.200195	0.345679	5.468750	2870.000000	3073.585831	-3.800201
5.224609	5.345679	5.493164	3026.000000	3061.472011	-0.644839
5.249023	0.345679	5.517578	2951.000000	3047.629483	-1.778792
5.273437	3.345679	5.541992	2947.000000	3036.223850	-1.643580
5.297852	2.345679	5.566406	2887.000000	3026.056391	-2.588020
5.322266	3.345679	5.590820	2865.000000	3014.151662	-2.786543
5.346680	5.345679	5.615234	2963.000000	3000.517305	-0.689233
5.371094	5.345679	5.639648	2894.000000	2988.130928	-1.749778
5.395508	2.345679	5.664062	2803.000000	2975.799040	-3.263847
5.419922	5.345679	5.688477	2876.000000	2965.897401	-1.676304
5.444336	0.345679	5.712891	2832.000000	2954.257323	-2.297356
5.468750	3.345679	5.737305	2838.000000	2943.262451	-1.975911
5.493164	2.345679	5.761719	2746.000000	2934.691946	-3.600834
5.517578	-0.654321	5.786133	2784.000000	2921.407148	-2.604202
5.541992	3.345679	5.810547	2751.000000	2909.368790	-3.019425
5.566406	5.345679	5.834961	2800.000000	2899.165391	-1.874050
5.590820	2.345679	5.859375	2822.000000	2887.818879	-1.239002
5.615234	-0.654321	5.883789	2865.000000	2875.928283	-0.204169
5.639648	1.345679	5.908203	2763.000000	2864.089996	-1.923170
5.664062	1.345679	5.932617	2845.000000	2854.085787	-0.170342
5.688477	5.345679	5.957031	2737.000000	2842.343589	-2.013588
5.712891	2.345679	5.981445	2675.000000	2830.653047	-3.009510
5.737305	3.345679	6.005859	2722.000000	2820.201934	-1.882244
5.761719	7.345679	6.030273	2754.000000	2806.826798	-1.006636
5.786133	-0.654321	6.054687	2714.000000	2796.480501	-1.583239
5.810547	1.345679	6.079102	2680.000000	2783.803720	-2.005144
5.834961	4.345679	6.103516	2720.000000	2774.746705	-1.049720
5.859375	2.345679	6.127930	2730.000000	2766.917532	-0.706564
5.883789	1.345679	6.152344	2616.000000	2756.746803	-2.751818
5.908203	1.345679	6.176758	2668.000000	2745.432818	-1.499105
5.932617	4.345679	6.201172	2637.000000	2732.980605	-1.869082
5.957031	1.345679	6.225586	2589.000000	2720.583172	-2.586035
5.981445	1.345679	6.250000	2612.000000	2708.834278	-1.894709
6.005859	3.345679	6.274414	2617.000000	2698.919068	-1.601338
6.030273	-1.654321	6.298828	2547.000000	2688.453477	-2.802845
6.054687	3.345679	6.323242	2597.000000	2678.033926	-1.590124
6.079102	-0.654321	6.347656	2570.000000	2666.472214	-1.902986
6.103516	5.345679	6.372070	2691.000000	2654.367364	0.706173
6.127930	7.345679	6.396484	2573.000000	2642.909765	-1.378218
6.152344	3.345679	6.420898	2555.000000	2630.908570	-1.501742
6.176758	1.345679	6.445312	2502.000000	2621.336170	-2.385769
6.201172	-0.654321	6.469727	2628.000000	2610.617881	0.339071
6.225586	-0.654321	6.494141	2492.000000	2601.728743	-2.198095
6.250000	0.345679	6.518555	2552.000000	2590.502711	-0.762168
6.274414	3.345679	6.542969	2611.000000	2578.138066	0.643117
6.298828	2.345679	6.567383	2556.000000	2567.015814	-0.217889
6.323242	2.345679	6.591797	2495.000000	2556.536491	-1.231962
6.347656	0.345679	6.616211	2482.000000	2546.103268	-1.286706
6.372070	-0.654321	6.640625	2394.000000	2535.121943	-2.884247
6.396484	0.345679	6.665039	2445.000000	2524.188927	-1.601493
6.420898	-0.654321	6.689453	2538.000000	2513.898007	0.478418
6.445312	3.345679	6.713867	2413.000000	2502.464359	-1.821258
6.469727	1.345679	6.738281	2421.000000	2491.081011	-1.424305
6.494141	4.345679	6.762695	2400.000000	2480.341739	-1.639969
6.518555	0.345679	6.787109	2361.000000	2470.837711	-2.260495
6.542969	-1.654321	6.811523	2381.000000	2460.187493	-1.622844
6.567383	0.345679	6.835937	2401.000000	2448.990128	-0.979390
6.591797	1.345679	6.860352	2421.000000	2440.812020	-0.402653
6.616211	1.345679	6.884766	2424.000000	2429.105892	-0.103706
6.640625	0.345679	6.909180	2368.000000	2418.045261	-1.028424
6.665039	0.345679	6.933594	2338.000000	2407.627287	-1.439983
6.689453	1.345679	6.958008	2331.000000	2397.849144	-1.384601
6.713867	-0.654321	6.982422	2327.000000	2385.738018	-1.217646
6.738281	-0.654321	7.006836	2337.000000	2376.056169	-0.807905
6.762695	0.345679	7.031250	2357.000000	2365.228914	-0.169497
6.787109	2.345679	7.055664	2331.000000	2356.825288	-0.534902
6.811523	0.345679	7.080078	2424.000000	2348.458631	1.534329
6.835937	-0.654321	7.104492	2275.000000	2337.752782	-1.315656
6.860352	4.345679	7.128906	2307.000000	2328.282030	-0.443087
6.884766	-1.654321	7.153320	2242.000000	2317.664941	-1.598000
6.909180	-0.654321	7.177734	2284.000000	2307.094560	-0.483239
6.933594	0.345679	7.202148	2324.000000	2297.164679	0.556658
6.958008	1.345679	7.226562	2179.000000	2290.248479	-2.383227
6.982422	-2.654321	7.250977	2245.000000	2280.986707	-0.759511
7.006836	1.345679	7.275391	2304.000000	2269.983680	0.708673
7.031250	-0.654321	7.299805	2309.000000	2260.811057	1.002849
7.055664	3.345679	7.324219	2315.000000	2250.490786	1.340745
7.080078	3.345679	7.348633	2175.000000	2240.809916	-1.411113
7.104492	-0.654321	7.373047	2157.000000	2230.577634	-1.584239
7.128906	1.345679	7.397461	2248.000000	2220.390365	0.582321
7.153320	-0.654321	7.421875	2206.000000	2211.435912	-0.115736
7.177734	-0.654321	7.446289	2211.000000	2204.302850	0.142428
7.202148	0.345679	7.470703	2132.000000	2196.013168	-1.386359
7.226562	5.345679	7.495117	2094.000000	2187.165955	-2.035958
7.250977	1.345679	7.519531	2106.000000	2178.357662	-1.576723
7.275391	-1.654321	7.543945	2213.000000	2169.588118	0.922822
7.299805	1.345679	7.568359	2163.000000	2161.451153	0.033303
7.324219	-0.654321	7.592773	2120.000000	2153.349984	-0.724315
7.348633	0.345679	7.617187	2066.000000	2142.908455	-1.692033
7.373047	-0.654321	7.641602	2124.000000	2133.106860	-0.197602
7.397461	-0.654321	7.666016	2102.000000	2123.942383	-0.478594
7.421875	1.345679	7.690430	2044.000000	2113.630224	-1.540130
7.446289	4.345679	7.714844	2166.000000	2104.551429	1.320330
7.470703	2.345679	7.739258	2085.000000	2097.294572	-0.269253
7.495117	1.345679	7.763672	2120.000000	2087.693641	0.701649
7.519531	1.345679	7.788086	2152.000000	2079.322945	1.566665
7.543945	1.345679	7.812500	2025.000000	2069.801074	-0.995579
7.568359	2.345679	7.836914	2047.000000	2061.509091	-0.320687
7.592773	2.345679	7.861328	2044.000000	2052.065587	-0.178400
7.617187	-1.654321	7.885742	2062.000000	2043.851626	0.399662
7.641602	-0.654321	7.910156	1950.000000	2033.891801	-1.899775
7.666016	0.345679	7.934570	2003.000000	2026.351789	-0.521771
7.690430	-1.654321	7.958984	2050.000000	2018.250948	0.701219
7.714844	0.345679	7.983398	1997.000000	2009.591744	-0.281771
7.739258	3.345679	8.007812	1930.000000	2001.564633	-1.628995
7.763672	-0.654321	8.032227	1961.000000	1993.572835	-0.735558
7.788086	1.345679	8.056641	1919.000000	1985.022195	-1.507136
7.812500	-0.654321	8.081055	1988.000000	1977.697169	0.231073
7.836914	1.345679	8.105469	1898.000000	1969.216369	-1.634676
7.861328	-0.654321	8.129883	1924.000000	1961.366877	-0.851891
7.885742	1.345679	8.154297	1897.000000	1952.957917	-1.284777
7.910156	-1.654321	8.178711	1961.000000	1945.773949	0.343834
7.934570	2.345679	8.203125	1909.000000	1938.027584	-0.664367
7.958984	1.345679	8.227539	1889.000000	1927.939299	-0.895926
7.983398	0.345679	8.251953	1856.000000	1920.865392	-1.505650
8.007812	1.345679	8.276367	1921.000000	1912.634605	0.190863
8.032227	1.345679	8.300781	1855.000000	1905.034027	-1.161699
8.056641	0.345679	8.325195	1887.000000	1897.466885	-0.240953
8.081055	2.345679	8.349609	1922.000000	1888.151034	0.772091
8.105469	0.345679	8.374023	1891.000000	1881.252163	0.224162
8.129883	1.345679	8.398437	1834.000000	1873.789642	-0.929117
8.154297	0.345679	8.422852	1852.000000	1866.953950	-0.347484
8.178711	2.345679	8.447266	1940.000000	1859.554329	1.826425
8.203125	1.345679	8.471680	1806.000000	1852.781260	-1.100812
8.227539	-2.654321	8.496094	1857.000000	1844.849989	0.281949
8.251953	2.345679	8.520508	1782.000000	1837.547608	-1.315866
8.276367	0.345679	8.544922	1784.000000	1832.059350	-1.137838
8.300781	1.345679	8.569336	1748.000000	1824.813237	-1.837238
8.325195	1.345679	8.593750	1833.000000	1817.005002	0.373597
8.349609	-1.654321	8.618164	1792.000000	1811.013116	-0.449143
8.374023	2.345679	8.642578	1828.000000	1801.483591	0.620193
8.398437	1.345679	8.666992	1767.000000	1794.371987	-0.651160
8.422852	2.345679	8.691406	1730.000000	1786.697668	-1.363145
8.447266	1.345679	8.715820	1787.000000	1782.027108	0.117638
8.471680	2.345679	8.740234	1667.000000	1775.595097	-2.659760
8.496094	0.345679	8.764648	1770.000000	1767.409381	0.061577
8.520508	1.345679	8.789062	1773.000000	1759.853676	0.312212
8.544922	4.345679	8.813477	1735.000000	1753.519210	-0.444603
8.569336	1.345679	8.837891	1693.000000	1747.212609	-1.317564
8.593750	0.345679	8.862305	1705.000000	1739.151754	-0.827086
8.618164	3.345679	8.886719	1649.000000	1732.314359	-2.051680
8.642578	-2.654321	8.911133	1709.000000	1724.913044	-0.384930
8.666992	1.345679	8.935547	1732.000000	1719.326287	0.304530
8.691406	0.345679	8.959961	1680.000000	1711.982109	-0.780284
8.715820	5.345679	8.984375	1729.000000	1704.670239	0.585114
8.740234	2.345679	9.008789	1752.000000	1697.984535	1.290479
8.764648	-0.654321	9.033203	1635.000000	1691.922242	-1.407742
8.789062	0.345679	9.057617	1700.000000	1684.104619	0.385520
8.813477	2.345679	9.082031	1667.000000	1678.103387	-0.271949
8.837891	2.345679	9.106445	1641.000000	1670.346556	-0.724441
8.862305	-0.654321	9.130859	1660.000000	1665.593847	-0.137296
8.886719	1.345679	9.155273	1561.000000	1659.080047	-2.482443
8.911133	0.345679	9.179687	1625.000000	1653.188902	-0.699281
8.935547	3.345679	9.204102	1644.000000	1646.135674	-0.052673
8.959961	0.345679	9.228516	1646.000000	1639.707475	0.155099
8.984375	0.345679	9.252930	1602.000000	1632.119555	-0.752519
9.008789	1.345679	9.277344	1654.000000	1625.753015	0.694551
9.033203	2.345679	9.301758	1637.000000	1617.632483	0.478685
9.057617	-0.654321	9.326172	1613.000000	1609.547675	0.085960
9.082031	2.345679	9.350586	1540.000000	1602.686434	-1.597398
9.106445	-0.654321	9.375000	1570.000000	1597.637374	-0.697504
9.130859	4.345679	9.399414	1673.000000	1590.828528	2.008968
9.155273	1.345679	9.423828	1580.000000	1584.643635	-0.116823
9.179687	2.345679	9.448242	1542.000000	1577.891951	-0.914018
9.204102	0.345679	9.472656	1543.000000	1569.981969	-0.686896
9.228516	1.345679	9.497070	1607.000000	1563.888784	1.075430
9.252930	-0.654321	9.521484	1504.000000	1556.634404	-1.357206
9.277344	1.345679	9.545898	1561.000000	1549.411938	0.293298
9.301758	-1.654321	9.570312	1576.000000	1541.627245	0.865837
9.326172	-1.654321	9.594727	1537.000000	1536.252797	0.019059
9.350586	0.345679	9.619141	1468.000000	1529.713993	-1.610722
9.375000	3.345679	9.643555	1570.000000	1522.609955	1.196017
9.399414	0.345679	9.667969	1520.000000	1517.319168	0.068762
9.423828	1.345679	9.692383	1581.000000	1512.051656	1.734035
9.448242	0.345679	9.716797	1525.000000	1506.213317	0.481078
9.472656	-1.654321	9.741211	1521.000000	1501.588661	0.497727
9.497070	1.345679	9.765625	1478.000000	1495.796351	-0.462907
9.521484	-0.654321	9.790039	1415.000000	1489.435522	-1.978801
9.545898	-0.654321	9.814453	1517.000000	1481.320677	0.916060
9.570312	-1.654321	9.838867	1445.000000	1475.617529	-0.805446
9.594727	2.345679	9.863281	1425.000000	1468.751472	-1.159005
9.619141	0.345679	9.887695	1443.000000	1461.915619	-0.497952
9.643555	-0.654321	9.912109	1493.000000	1455.109838	0.980611
9.667969	2.345679	9.936523	1497.000000	1451.303996	1.181047
9.692383	2.345679	9.960937	1448.000000	1447.514896	0.012748
9.716797	1.345679	9.985352	1403.000000	1442.554466	-1.056007
9.741211	3.345679	10.009766	1491.000000	1437.021858	1.397910
9.765625	1.345679	10.034180	1424.000000	1430.919590	-0.183369
9.790039	0.345679	10.058594	1517.000000	1425.438166	2.350833
9.814453	-2.654321	10.083008	1414.000000	1419.980856	-0.159052
9.838867	1.345679	10.107422	1386.000000	1415.735552	-0.798720
9.863281	-0.654321	10.131836	1379.000000	1410.320926	-0.843437
9.887695	-0.654321	10.156250	1326.000000	1404.336120	-2.151247
9.912109	-0.654321	10.180664	1399.000000	1397.783642	0.032520
9.936523	4.345679	10.205078	1333.000000	1390.665991	-1.579446
9.960937	4.345679	10.229492	1357.000000	1386.549649	-0.802163
9.985352	2.345679	10.253906	1393.000000	1381.263417	0.314461
10.009766	1.345679	10.278320	1349.000000	1376.000440	-0.735131
10.034180	0.345679	10.302734	1288.000000	1368.978617	-2.256381
10.058594	1.345679	10.327148	1366.000000	1362.581683	0.092488
10.083008	1.345679	10.351562	1337.000000	1356.212891	-0.525445
10.107422	3.345679	10.375977	1362.000000	1351.060116	0.296431
10.131836	1.345679	10.400391	1388.000000	1344.148010	1.177049
10.156250	0.345679	10.424805	1291.000000	1340.830309	-1.386853
10.180664	-0.654321	10.449219	1380.000000	1334.557206	1.223279
10.205078	-1.654321	10.473633	1368.000000	1328.311699	1.073049
10.229492	3.345679	10.498047	1276.000000	1323.875666	-1.340261
10.253906	1.345679	10.522461	1280.000000	1318.865148	-1.086314
10.278320	1.345679	10.546875	1295.000000	1314.470672	-0.541061
10.302734	-1.654321	10.571289	1354.000000	1309.501529	1.209305
10.327148	-0.654321	10.595703	1292.000000	1303.960246	-0.332743
10.351562	-0.654321	10.620117	1286.000000	1300.225339	-0.396682
10.375977	1.345679	10.644531	1297.000000	1295.912864	0.030187
10.400391	-1.654321	10.668945	1265.000000	1291.619359	-0.748432
10.424805	4.345679	10.693359	1286.000000	1286.156743	-0.004371
10.449219	-0.654321	10.717773	1278.000000	1281.906158	-0.109266
10.473633	-0.654321	10.742187	1254.000000	1277.080272	-0.651767
10.498047	2.345679	10.766602	1249.000000	1271.087617	-0.624982
10.522461	1.345679	10.791016	1214.000000	1266.309323	-1.501308
10.546875	2.345679	10.815430	1194.000000	1260.958051	-1.937763
10.571289	1.345679	10.839844	1195.000000	1254.442321	-1.719538
10.595703	0.345679	10.864258	1247.000000	1248.549254	-0.043872
10.620117	3.345679	10.888672	1261.000000	1243.870111	0.482389
10.644531	2.345679	10.913086	1275.000000	1237.429554	1.052183
10.668945	2.345679	10.937500	1205.000000	1234.581328	-0.852166
10.693359	0.345679	10.961914	1214.000000	1228.181634	-0.407021
10.717773	2.345679	10.986328	1224.000000	1225.374091	-0.039276
10.742187	1.345679	11.010742	1176.000000	1221.984899	-1.340947
10.766602	-0.654321	11.035156	1194.000000	1216.828619	-0.660659
10.791016	1.345679	11.059570	1237.000000	1212.289021	0.702595
10.815430	0.345679	11.083984	1163.000000	1206.581394	-1.277942
10.839844	-1.654321	11.108398	1204.000000	1202.086876	0.055135
10.864258	-0.654321	11.132812	1156.000000	1197.018130	-1.206416
10.888672	1.345679	11.157227	1129.000000	1191.377683	-1.856446
10.913086	-1.654321	11.181641	1174.000000	1186.950049	-0.377953
10.937500	4.345679	11.206055	1119.000000	1181.947893	-1.881768
10.961914	-1.654321	11.230469	1119.000000	1176.373743	-1.715134
10.986328	4.345679	11.254883	1142.000000	1172.012114	-0.888103
11.010742	3.345679	11.279297	1124.000000	1166.481673	-1.267122
11.035156	0.345679	11.303711	1120.000000	1160.381562	-1.206630
11.059570	1.345679	11.328125	1075.000000	1154.308287	-2.418880
11.083984	-0.654321	11.352539	1125.000000	1150.043727	-0.746660
11.108398	1.345679	11.376953	1130.000000	1145.797929	-0.469960
11.132812	0.345679	11.401367	1132.000000	1142.758808	-0.319772
11.157227	-0.654321	11.425781	1084.000000	1137.357058	-1.620605
11.181641	1.345679	11.450195	1095.000000	1130.791072	-1.081602
11.206055	0.345679	11.474609	1078.000000	1126.035970	-1.463043
11.230469	-0.654321	11.499023	1108.000000	1120.113787	-0.363923
11.254883	1.345679	11.523437	1064.000000	1114.811656	-1.557731
11.279297	-0.654321	11.547852	1011.000000	1110.126851	-3.117567
11.303711	-1.654321	11.572266	1062.000000	1105.462654	-1.333687
11.328125	-1.654321	11.596680	1037.000000	1100.818977	-1.981803
11.352539	1.345679	11.621094	1083.000000	1095.601728	-0.382927
11.376953	1.345679	11.645508	1021.000000	1091.001430	-2.190756
11.401367	3.345679	11.669922	1104.000000	1085.233371	0.564809
11.425781	-0.654321	11.694336	1107.000000	1078.896687	0.844663
11.450195	-2.654321	11.718750	1010.000000	1074.369878	-2.025452
11.474609	0.345679	11.743164	1031.000000	1068.674984	-1.173340
11.499023	-1.654321	11.767578	1061.000000	1063.599142	-0.079794
11.523437	-0.654321	11.791992	975.000000	1060.327629	-2.732671
11.547852	0.345679	11.816406	987.000000	1054.694509	-2.154740
11.572266	0.345679	11.840820	1048.000000	1050.274170	-0.070249
11.596680	0.345679	11.865234	1028.000000	1044.685278	-0.520400
11.621094	-0.654321	11.889648	1045.000000	1040.308971	0.145114
11.645508	0.345679	11.914062	976.000000	1035.951917	-1.919014
11.669922	-1.654321	11.938477	918.000000	1030.426031	-3.710612
11.694336	-2.654321	11.962891	1004.000000	1026.112453	-0.697863
11.718750	0.345679	11.987305	1007.000000	1021.223852	-0.448232
11.743164	-1.654321	12.011719	1016.000000	1017.544756	-0.048463
11.767578	-0.654321	12.036133	931.000000	1012.099846	-2.657940
11.791992	2.345679	12.060547	981.000000	1007.272890	-0.838829
11.816406	-1.654321	12.084961	962.000000	1004.249166	-1.362168
11.840820	0.345679	12.109375	951.000000	1001.832745	-1.648365
11.865234	-1.654321	12.133789	945.000000	999.426953	-1.770509
11.889648	0.345679	12.158203	986.000000	994.655747	-0.275655
11.914062	0.345679	12.182617	873.000000	989.905530	-3.956653
11.938477	-1.654321	12.207031	1000.000000	987.552208	0.393634
11.962891	0.345679	12.231445	917.000000	983.427241	-2.193621
11.987305	-0.654321	12.255859	1015.000000	979.320419	1.119919
12.011719	1.345679	12.280273	931.000000	975.825665	-1.469102
12.036133	-1.654321	12.304687	1007.000000	971.752284	1.110750
12.060547	-0.654321	12.329102	940.000000	968.290823	-0.922745
12.084961	2.345679	12.353516	929.000000	965.438589	-1.195511
12.109375	3.345679	12.377930	916.000000	960.222904	-1.461166
12.133789	3.345679	12.402344	963.000000	956.812163	0.199400
12.158203	-0.654321	12.426758	996.000000	952.228427	1.386955
12.182617	-0.654321	12.451172	941.000000	948.258855	-0.236632
12.207031	3.345679	12.475586	889.000000	944.900746	-1.874851
12.231445	0.345679	12.500000	916.000000	941.557410	-0.844441
12.255859	0.345679	12.524414	926.000000	935.852783	-0.323783
12.280273	1.345679	12.548828	899.000000	931.955251	-1.099119
12.304687	0.345679	12.573242	898.000000	927.480865	-0.983789
12.329102	1.345679	12.597656	908.000000	923.620163	-0.518373
12.353516	2.345679	12.622070	909.000000	919.776444	-0.357432
12.377930	-1.654321	12.646484	927.000000	914.761635	0.401961
12.402344	1.345679	12.670898	978.000000	912.144886	2.105814
12.426758	-0.654321	12.695312	854.000000	907.757650	-1.839549
12.451172	0.345679	12.719727	906.000000	903.983714	0.066987
12.475586	1.345679	12.744141	898.000000	899.632380	-0.054473
12.500000	1.345679	12.768555	901.000000	894.112189	0.229466
12.524414	-2.654321	12.792969	909.000000	890.398282	0.616980
12.548828	0.345679	12.817383	903.000000	885.512713	0.581940
12.573242	-0.654321	12.841797	877.000000	881.836636	-0.163322
12.597656	0.345679	12.866211	854.000000	878.176731	-0.827311
12.622070	0.345679	12.890625	902.000000	874.532927	0.914554
12.646484	-1.654321	12.915039	888.000000	870.311152	0.593599
12.670898	2.345679	12.939453	883.000000	864.919951	0.608442
12.695312	-0.654321	12.963867	881.000000	860.146466	0.702573
12.719727	0.345679	12.988281	895.000000	854.799982	1.343738
12.744141	-0.654321	13.012695	873.000000	851.259016	0.735821
12.768555	-2.654321	13.037109	839.000000	847.139628	-0.281011
12.792969	0.345679	13.061523	899.000000	843.038362	1.866425
12.817383	-1.654321	13.085937	839.000000	838.361138	0.022056
12.841797	0.345679	13.110352	858.000000	836.080489	0.748320
12.866211	0.345679	13.134766	817.000000	831.433875	-0.504977
12.890625	0.345679	13.159180	828.000000	829.777700	-0.061779
12.915039	-0.654321	13.183594	815.000000	825.752812	-0.376655
12.939453	-2.654321	13.208008	808.000000	822.339630	-0.504466
12.963867	-1.654321	13.232422	872.000000	817.753464	1.837019
12.988281	-2.654321	13.256836	846.000000	813.187474	1.128118
13.012695	0.345679	13.281250	792.000000	809.235570	-0.612439
13.037109	-0.654321	13.305664	866.000000	805.301051	2.062634
13.061523	-0.654321	13.330078	822.000000	803.165839	0.656917
13.085937	-1.654321	13.354492	817.000000	800.446021	0.579150
13.110352	2.345679	13.378906	816.000000	799.520167	0.576910
13.134766	-1.654321	13.403320	789.000000	795.034389	-0.214830
13.159180	3.345679	13.427734	815.000000	790.568344	0.855804
13.183594	-0.654321	13.452148	812.000000	787.309945	0.866451
13.208008	0.345679	13.476562	790.000000	782.877881	0.253394
13.232422	-1.654321	13.500977	803.000000	780.841313	0.781963
13.256836	-1.654321	13.525391	776.000000	777.031706	-0.037036
13.281250	-0.654321	13.549805	806.000000	772.644858	1.174885
13.305664	-0.654321	13.574219	774.000000	770.653307	0.120294
13.330078	2.345679	13.598633	819.000000	768.670518	1.758654
13.354492	1.345679	13.623047	786.000000	765.508452	0.730909
13.378906	4.345679	13.647461	770.000000	762.954296	0.253910
13.403320	-1.654321	13.671875	768.000000	760.411376	0.273831
13.427734	-1.654321	13.696289	796.000000	756.691643	1.393248
13.452148	0.345679	13.720703	743.000000	754.176274	-0.410018
13.476562	-1.654321	13.745117	816.000000	751.077971	2.272726
13.500977	2.345679	13.769531	777.000000	749.181297	0.997990
13.525391	-0.654321	13.793945	799.000000	746.104967	1.871292
13.549805	-1.654321	13.818359	788.000000	744.824170	1.538075
13.574219	2.345679	13.842773	733.000000	742.955008	-0.367697
13.598633	2.345679	13.867187	694.000000	741.094068	-1.787666
13.623047	0.345679	13.891602	724.000000	736.865317	-0.478136
13.647461	1.345679	13.916016	736.000000	734.437167	0.057607
13.671875	1.345679	13.940430	748.000000	732.019700	0.584298
13.696289	-0.654321	13.964844	708.000000	729.018867	-0.789937
13.720703	1.345679	13.989258	765.000000	724.249237	1.473347
13.745117	0.345679	14.013672	738.000000	722.470588	0.571646
13.769531	2.345679	14.038086	712.000000	718.323765	-0.236993
13.793945	0.345679	14.062500	712.000000	714.789184	-0.104529
13.818359	3.345679	14.086914	736.000000	712.458151	0.867764
13.842773	2.345679	14.111328	759.000000	710.137373	1.773601
13.867187	2.345679	14.135742	721.000000	707.232805	0.512717
13.891602	-1.654321	14.160156	687.000000	705.529014	-0.706926
13.916016	1.345679	14.184570	692.000000	702.644720	-0.404652
13.940430	1.345679	14.208984	652.000000	699.773113	-1.870940
13.964844	0.345679	14.233398	659.000000	696.320140	-1.453786
13.989258	-2.654321	14.257812	716.000000	694.070356	0.819549
14.013672	2.345679	14.282227	647.000000	692.424469	-1.785820
14.038086	-1.654321	14.306641	669.000000	690.785823	-0.842289
14.062500	-0.654321	14.331055	670.000000	686.778387	-0.648206
14.086914	1.345679	14.355469	698.000000	683.976580	0.530794
14.111328	1.345679	14.379883	689.000000	680.981765	0.305470
14.135742	0.345679	14.404297	693.000000	678.000125	0.569798
14.160156	2.345679	14.428711	652.000000	675.031601	-0.901987
14.184570	0.345679	14.453125	700.000000	672.076137	1.055423
14.208984	0.345679	14.477539	675.000000	669.133674	0.225795
14.233398	-0.654321	14.501953	674.000000	666.204156	0.300285
14.257812	1.345679	14.526367	639.000000	663.287525	-0.960800
14.282227	2.345679	14.550781	673.000000	660.383725	0.486322
14.306641	2.345679	14.575195	684.000000	657.492700	1.013532
14.331055	-1.654321	14.599609	637.000000	654.614393	-0.697908
14.355469	0.345679	14.624023	672.000000	651.748747	0.781209
14.648437	685.000000	648.895709	1.379474
14.672852	651.000000	646.055221	0.193801
14.697266	706.000000	643.227229	2.362484
14.721680	665.000000	640.411678	0.953494
14.746094	640.000000	637.608514	0.094532
14.770508	645.000000	634.817681	0.400928
14.794922	633.000000	632.039125	0.038191
14.819336	653.000000	629.272792	0.928517
14.843750	612.000000	626.518630	-0.586881
14.868164	674.000000	623.776583	1.934534
14.892578	618.000000	621.046599	-0.122552
14.916992	652.000000	618.328625	1.318673
14.941406	641.000000	615.622608	1.002347
14.965820	610.000000	612.928495	-0.118571
14.990234	603.000000	610.246234	-0.295089
15.014648	615.000000	607.575772	0.299374
15.039062	625.000000	604.917059	0.803318
15.063477	589.000000	602.270041	-0.546783
15.087891	586.000000	599.634669	-0.563243
15.112305	589.000000	597.010890	-0.330083
15.136719	633.000000	594.398653	1.534266
15.161133	636.000000	591.797908	1.752727
15.185547	617.000000	589.208605	1.118839
15.209961	604.000000	586.630692	0.706747
15.234375	603.000000	584.064120	0.771129
15.258789	599.000000	581.508838	0.714669
15.283203	578.000000	578.964798	-0.040130
15.307617	617.000000	576.431950	1.633208
15.332031	642.000000	573.910244	2.687288
15.356445	569.000000	571.399631	-0.100598
15.380859	625.000000	568.900063	2.243997
15.405273	581.000000	566.411491	0.605233
15.429687	566.000000	563.933867	0.086846
15.454102	564.000000	561.467143	0.106653
15.478516	584.000000	559.011270	1.034041
15.502930	570.000000	556.566200	0.562680
15.527344	561.000000	554.131888	0.289972
15.551758	554.000000	551.708284	0.097366
15.576172	587.000000	549.295342	1.556238
15.600586	594.000000	546.893015	1.932823
15.625000	582.000000	544.501256	1.554373
15.649414	546.000000	542.120019	0.166048
15.673828	541.000000	539.749258	0.053774
15.698242	561.000000	537.388926	0.996860
15.722656	587.000000	535.038977	2.144661
15.747070	555.000000	532.699367	0.946609
15.771484	610.000000	530.370048	3.224122
15.795898	539.000000	528.050977	0.471608
15.820312	530.000000	525.742108	0.184951
15.844727	546.000000	523.443396	0.965334
15.869141	521.000000	521.154797	-0.006782
15.893555	538.000000	518.876265	0.824483
15.917969	525.000000	516.607758	0.366267
15.942383	543.000000	514.349230	1.229522
15.966797	541.000000	512.100637	1.242481
15.991211	510.000000	509.861936	0.006114
16.015625	516.000000	507.633084	0.368333
16.040039	528.000000	505.414037	0.982928
16.064453	564.000000	503.204753	2.559942
16.088867	545.000000	501.005187	1.884531
16.113281	523.000000	498.815297	1.057523
16.137695	523.000000	496.635041	1.152859
16.162109	523.000000	494.464377	1.247776
16.186523	528.000000	492.303261	1.553501
16.210937	498.000000	490.151653	0.351693
16.235352	514.000000	488.009510	1.146391
16.259766	480.000000	485.876791	-0.268238
16.284180	509.000000	483.753454	1.119033
16.308594	509.000000	481.639458	1.212735
16.333008	541.000000	479.534762	2.642597
16.357422	503.000000	477.439325	1.139694
16.381836	499.000000	475.353106	1.058580
16.406250	533.000000	473.276065	2.586931
16.430664	498.000000	471.208161	1.200571
16.455078	467.000000	469.149354	-0.099460
16.479492	483.000000	467.099604	0.723493
16.503906	535.000000	465.058871	3.023819
16.528320	473.000000	463.027116	0.458554
16.552734	496.000000	461.004299	1.571353
16.577148	482.000000	458.990381	1.048059
16.601562	488.000000	456.985323	1.403968
16.625977	455.000000	454.989085	0.000512
16.650391	481.000000	453.001629	1.276616
16.674805	465.000000	451.022916	0.648172
16.699219	500.000000	449.052907	2.278423
16.723633	498.000000	447.091566	2.281261
16.748047	466.000000	445.138852	0.966374
16.772461	469.000000	443.194729	1.191577
16.796875	484.000000	441.259158	1.942766
16.821289	488.000000	439.332103	2.203092
16.845703	507.000000	437.413525	3.090444
16.870117	430.000000	435.503387	-0.265397
16.894531	446.000000	433.601652	0.587079
16.918945	453.000000	431.708283	1.000372
16.943359	460.000000	429.823243	1.406999
16.967773	452.000000	427.946496	1.131382
16.992187	494.000000	426.078006	3.055955
17.016602	485.000000	424.217735	2.759980
17.041016	472.000000	422.365648	2.284606
17.065430	500.000000	420.521708	3.554377
17.089844	443.000000	418.685880	1.155199
17.114258	516.000000	416.858129	4.364478
17.138672	459.000000	415.038418	2.051951
17.163086	451.000000	413.226712	1.778675
17.187500	422.000000	411.422976	0.514881
17.211914	445.000000	409.627176	1.676833
17.236328	394.000000	407.839275	-0.697213
17.260742	455.000000	406.059240	2.294378
17.285156	435.000000	404.287035	1.472574
17.309570	442.000000	402.522627	1.877747
17.333984	441.000000	400.765980	1.915906
17.358398	416.000000	399.017062	0.832657
17.382812	449.000000	397.275837	2.441014
17.407227	423.000000	395.542272	1.335040
17.431641	405.000000	393.816334	0.555721
17.456055	419.000000	392.097988	1.314249
17.480469	399.000000	390.387201	0.431179
17.504883	391.000000	388.683941	0.117128
17.529297	409.000000	386.988174	1.088415
17.553711	397.000000	385.299866	0.587213
17.578125	396.000000	383.618986	0.622169
17.602539	419.000000	381.945500	1.810231
17.626953	409.000000	380.279376	1.420143
17.651367	414.000000	378.620582	1.738804
17.675781	416.000000	376.969085	1.913648
17.700195	403.000000	375.324854	1.378597
17.724609	452.000000	373.687855	3.683493
17.749023	390.000000	372.058059	0.908526
17.773437	406.000000	370.435432	1.765040
17.797852	412.000000	368.819943	2.127329
17.822266	398.000000	367.211561	1.543285
17.846680	360.000000	365.610254	-0.295686
17.871094	401.000000	364.015992	1.846893
17.895508	378.000000	362.428744	0.800899
17.919922	359.000000	360.848478	-0.097559
17.944336	397.000000	359.275164	1.893355
17.968750	379.000000	357.708771	1.093657
17.993164	387.000000	356.149269	1.568231
18.017578	382.000000	354.596628	1.402078
18.041992	403.000000	353.050817	2.488146
18.066406	386.000000	351.511806	1.755403
18.090820	357.000000	349.979566	0.371561
18.115234	373.000000	348.454066	1.270940
18.139648	401.000000	346.935278	2.699863
18.164062	330.000000	345.423170	-0.849018
18.188477	372.000000	343.917715	1.455999
18.212891	369.000000	342.418883	1.383758
18.237305	363.000000	340.926644	1.158551
18.261719	398.000000	339.440970	2.935299
18.286133	353.000000	337.961831	0.800401
18.310547	365.000000	336.489200	1.492323
18.334961	331.000000	335.023047	-0.221127
18.359375	377.000000	333.563344	2.237102
18.383789	344.000000	332.110062	0.641062
18.408203	344.000000	330.663174	0.719073
18.432617	344.000000	329.222651	0.796741
18.457031	351.000000	327.788464	1.238940
18.481445	334.000000	326.360588	0.418010
18.505859	327.000000	324.938992	0.113974
18.530273	323.000000	323.523651	-0.029137
18.554687	329.000000	322.114536	0.379608
18.579102	354.000000	320.711619	1.769257
18.603516	353.000000	319.314875	1.792878
18.627930	343.000000	317.924275	1.353962
18.652344	350.000000	316.539792	1.788523
18.676758	348.000000	315.161401	1.760334
18.701172	336.000000	313.789073	1.211705
18.725586	334.000000	312.422782	1.180653
18.750000	344.000000	311.062501	1.775871
18.774414	302.000000	309.708205	-0.443557
18.798828	343.000000	308.359867	1.870391
18.823242	302.000000	307.017460	-0.288722
18.847656	308.000000	305.680959	0.132140
18.872070	325.000000	304.350337	1.145437
18.896484	319.000000	303.025569	0.894396
18.920898	369.000000	301.706628	3.503153
18.945312	344.000000	300.393490	2.351105
18.969727	360.000000	299.086129	3.210443
18.994141	306.000000	297.784519	0.469648
19.018555	304.000000	296.488635	0.430806
19.042969	331.000000	295.198452	1.967831
19.067383	315.000000	293.913945	1.188065
19.091797	344.000000	292.635088	2.769410
19.116211	341.000000	291.361858	2.688056
19.140625	331.000000	290.094228	2.248385
19.165039	300.000000	288.832175	0.644775
19.189453	316.000000	287.575675	1.598993
19.213867	298.000000	286.324701	0.676332
19.238281	309.000000	285.079231	1.360805
19.262695	306.000000	283.839240	1.266846
19.287109	290.000000	282.604704	0.434267
19.311523	300.000000	281.375599	1.075280
19.335937	317.000000	280.151901	2.069595
19.360352	284.000000	278.933587	0.300636
19.384766	308.000000	277.720631	1.725327
19.409180	326.000000	276.513012	2.740831
19.433594	287.000000	275.310706	0.689997
19.458008	279.000000	274.113688	0.292536
19.482422	292.000000	272.921937	1.116459
19.506836	320.000000	271.735428	2.698072
19.531250	307.000000	270.554139	2.080075
19.555664	327.000000	269.378047	3.186501
19.580078	273.000000	268.207128	0.290078
19.604492	267.000000	267.041361	-0.002531
19.628906	269.000000	265.880722	0.190186
19.653320	283.000000	264.725189	1.086325
19.677734	313.000000	263.574739	2.793681
19.702148	297.000000	262.429350	2.005993
19.726562	263.000000	261.289000	0.105505
19.750977	315.000000	260.153667	3.090241
19.775391	302.000000	259.023328	2.473030
19.799805	283.000000	257.897962	1.492161
19.824219	316.000000	256.777547	3.331523
19.848633	297.000000	255.662060	2.398671
19.873047	264.000000	254.551481	0.581516
19.897461	297.000000	253.445787	2.527272
19.921875	260.000000	252.344957	0.474746
19.946289	285.000000	251.248971	1.999238
19.970703	264.000000	250.157805	0.851928
19.995117	272.000000	249.071440	1.390248
20.019531	279.000000	247.989854	1.856529
20.043945	259.000000	246.913026	0.751048
20.068359	254.000000	245.840936	0.511945
20.092773	259.000000	244.773561	0.883988
20.117187	255.000000	243.710883	0.706952
20.141602	272.000000	242.652879	1.779431
20.166016	270.000000	241.599529	1.728398
20.190430	275.000000	240.550814	2.077364
20.214844	237.000000	239.506711	-0.162828
20.239258	278.000000	238.467203	2.371020
20.263672	249.000000	237.432267	0.733075
20.288086	283.000000	236.401884	2.769971
20.312500	265.000000	235.376033	1.819786
20.336914	251.000000	234.354696	1.050642
20.361328	246.000000	233.337852	0.807309
20.385742	256.000000	232.325481	1.479657
20.410156	276.000000	231.317563	2.689567
20.434570	232.000000	230.314080	0.110686
20.458984	249.000000	229.315011	1.247485
20.483398	282.000000	228.320337	3.196577
20.507812	248.000000	227.330039	1.312544
20.532227	250.000000	226.344098	1.496131
20.556641	236.000000	225.362494	0.692443
20.581055	243.000000	224.385208	1.194139
20.605469	253.000000	223.412221	1.860168
20.629883	239.000000	222.443515	1.070950
20.654297	278.000000	221.479070	3.389900
20.678711	269.000000	220.518868	2.955947
20.703125	236.000000	219.562891	1.069965
20.727539	253.000000	218.611118	2.162010
20.751953	232.000000	217.663533	0.941235
20.776367	244.000000	216.720116	1.746416
20.800781	250.000000	215.780850	2.164209
20.825195	257.000000	214.845715	2.629512
20.849609	234.000000	213.914695	1.313017
20.874023	234.000000	212.987770	1.373612
20.898437	213.000000	212.064923	0.064070
20.922852	245.000000	211.146135	2.162844
20.947266	246.000000	210.231390	2.280523
20.971680	220.000000	209.320668	0.720000
20.996094	225.000000	208.390081	1.107328
21.020508	224.000000	207.516808	1.101330
21.044922	227.000000	206.611896	1.353206
21.069336	246.000000	205.604524	2.575521
21.093750	224.000000	204.690284	1.290185
21.118164	232.000000	203.780067	1.852729
21.142578	244.000000	202.891594	2.631696
21.166992	204.000000	201.953808	0.143262
21.191406	229.000000	201.073369	1.845444
21.215820	223.000000	200.179063	1.528203
21.240234	235.000000	199.324172	2.327234
