Name des Datensatzes:	BLOCK 2
Wiederholrate [ns]:	19.604
Zeit Shift [ns] (fest):	0.000
Offset (fest):	3.211

Komponente 1
tau [ns]:	5.855338
A:	0.268638
%:	100.000000
f:	1.000000

t_irf	irf	t	daten	fit	res
[ns]	counts (offset korrigiert)	[ns]			counts 
1.391602	1.345679	1.660156	125.000000	110.881998	1.262753
1.416016	-1.654321	1.684570	134.000000	110.817830	2.002634
1.440430	0.345679	1.708984	113.000000	110.920773	0.195597
1.464844	6.345679	1.733398	107.000000	110.260464	-0.315201
1.489258	1.345679	1.757812	125.000000	110.470643	1.299545
1.513672	1.345679	1.782227	111.000000	110.951709	0.004584
1.538086	0.345679	1.806641	123.000000	110.343730	1.141177
1.562500	3.345679	1.831055	125.000000	111.316386	1.223900
1.586914	0.345679	1.855469	122.000000	111.250411	0.973222
1.611328	1.345679	1.879883	115.000000	109.992751	0.466928
1.635742	-0.654321	1.904297	125.000000	109.231386	1.410388
1.660156	-1.654321	1.928711	116.000000	109.174087	0.633770
1.684570	1.345679	1.953125	116.000000	108.468587	0.699274
1.708984	2.345679	1.977539	116.000000	107.818481	0.759635
1.733398	-0.654321	2.001953	123.000000	107.328457	1.413055
1.757812	2.345679	2.026367	114.000000	106.358876	0.715657
1.782227	3.345679	2.050781	113.000000	106.857050	0.577880
1.806641	-0.654321	2.075195	123.000000	106.976473	1.444793
1.831055	5.345679	2.099609	116.000000	107.472077	0.791798
1.855469	1.345679	2.124023	113.000000	106.878577	0.575855
1.879883	-2.654321	2.148437	114.000000	105.910868	0.757617
1.904297	-0.654321	2.172852	117.000000	104.780342	1.129708
1.928711	1.345679	2.197266	103.000000	104.145583	-0.112878
1.953125	-0.654321	2.221680	108.000000	105.792467	0.212420
1.977539	-0.654321	2.246094	106.000000	105.372798	0.060919
2.001953	-0.654321	2.270508	113.000000	105.279095	0.726322
2.026367	-1.654321	2.294922	102.000000	104.799637	-0.277205
2.050781	3.345679	2.319336	106.000000	104.374633	0.157870
2.075195	2.345679	2.343750	138.000000	104.494918	2.852142
2.099609	3.345679	2.368164	109.000000	103.861347	0.492194
2.124023	-0.654321	2.392578	112.000000	103.502172	0.802969
2.148437	-1.654321	2.416992	92.000000	103.082566	-1.155437
2.172852	-2.654321	2.441406	99.000000	102.235570	-0.325187
2.197266	-0.654321	2.465820	112.000000	102.479139	0.899637
2.221680	7.345679	2.490234	111.000000	103.045915	0.754968
2.246094	0.345679	2.514648	106.000000	104.916677	0.105222
2.270508	1.345679	2.539062	108.000000	106.016832	0.190830
2.294922	-0.654321	2.563477	117.000000	108.523671	0.783637
2.319336	-0.654321	2.587891	99.000000	111.082004	-1.214287
2.343750	1.345679	2.612305	108.000000	113.243548	-0.504561
2.368164	-0.654321	2.636719	105.000000	116.378223	-1.110401
2.392578	0.345679	2.661133	106.000000	122.813441	-1.633066
2.416992	-0.654321	2.685547	132.000000	127.372018	0.402814
2.441406	-1.654321	2.709961	128.000000	141.966769	-1.234500
2.465820	2.345679	2.734375	172.000000	169.063706	0.223890
2.490234	3.345679	2.758789	212.000000	219.576685	-0.520369
2.514648	8.345679	2.783203	288.000000	279.066887	0.526389
2.539062	5.345679	2.807617	384.000000	364.451036	0.997604
2.563477	10.345679	2.832031	489.000000	474.481888	0.656532
2.587891	11.345679	2.856445	694.000000	596.722747	3.692594
2.612305	9.345679	2.880859	849.000000	732.796366	3.988098
2.636719	13.345679	2.905273	1097.000000	872.222835	6.786547
2.661133	25.345679	2.929687	1145.000000	1009.491065	4.004656
2.685547	18.345679	2.954102	1298.000000	1129.830046	4.667787
2.709961	55.345679	2.978516	1515.000000	1244.399945	6.952189
2.734375	102.345679	3.002930	1564.000000	1347.236566	5.481099
2.758789	188.345679	3.027344	1630.000000	1450.899183	4.436125
2.783203	222.345679	3.051758	1735.000000	1529.776939	4.926930
2.807617	318.345679	3.076172	1770.000000	1601.260720	4.010787
2.832031	410.345679	3.100586	1839.000000	1657.228474	4.238723
2.856445	457.345679	3.125000	1860.000000	1699.866386	3.713009
2.880859	509.345679	3.149414	1855.000000	1736.243238	2.757315
2.905273	524.345679	3.173828	1894.000000	1760.563722	3.066083
2.929687	518.345679	3.198242	1973.000000	1776.849497	4.415968
2.954102	458.345679	3.222656	1927.000000	1793.768406	3.035054
2.978516	439.345679	3.247070	2018.000000	1801.868120	4.811254
3.002930	397.345679	3.271484	1901.000000	1808.575330	2.119810
3.027344	402.345679	3.295898	1908.000000	1812.212806	2.192897
3.051758	312.345679	3.320312	2026.000000	1817.132025	4.640365
3.076172	286.345679	3.344727	1935.000000	1819.646856	2.622340
3.100586	230.345679	3.369141	2012.000000	1819.695911	4.287208
3.125000	182.345679	3.393555	2010.000000	1820.350208	4.230136
3.149414	160.345679	3.417969	1881.000000	1821.597763	1.369646
3.173828	116.345679	3.442383	1900.000000	1818.115279	1.878564
3.198242	87.345679	3.466797	1961.000000	1817.636652	3.237422
3.222656	89.345679	3.491211	1822.000000	1818.843039	0.073960
3.247070	57.345679	3.515625	1882.000000	1817.598561	1.484519
3.271484	52.345679	3.540039	1854.000000	1815.157834	0.902087
3.295898	41.345679	3.564453	1845.000000	1814.033608	0.720929
3.320312	45.345679	3.588867	1944.000000	1810.897350	3.018829
3.344727	37.345679	3.613281	1838.000000	1808.274671	0.693352
3.369141	27.345679	3.637695	1850.000000	1806.749947	1.005543
3.393555	30.345679	3.662109	1819.000000	1802.890640	0.377713
3.417969	32.345679	3.686523	1808.000000	1798.398951	0.225798
3.442383	15.345679	3.710937	1839.000000	1795.494590	1.014501
3.466797	26.345679	3.735352	1847.000000	1791.357895	1.294703
3.491211	32.345679	3.759766	1916.000000	1786.914193	2.949041
3.515625	23.345679	3.784180	1801.000000	1784.329379	0.392821
3.540039	18.345679	3.808594	1787.000000	1779.309475	0.181926
3.564453	23.345679	3.833008	1790.000000	1777.466668	0.296238
3.588867	15.345679	3.857422	1739.000000	1772.694620	-0.807999
3.613281	18.345679	3.881836	1834.000000	1769.301231	1.510763
3.637695	22.345679	3.906250	1786.000000	1763.914720	0.522591
3.662109	13.345679	3.930664	1754.000000	1759.199060	-0.124140
3.686523	11.345679	3.955078	1837.000000	1755.809366	1.894311
3.710937	16.345679	3.979492	1768.000000	1750.092848	0.425878
3.735352	12.345679	4.003906	1760.000000	1745.925761	0.335482
3.759766	11.345679	4.028320	1704.000000	1742.748671	-0.938690
3.784180	17.345679	4.052734	1778.000000	1741.162906	0.873614
3.808594	8.345679	4.077148	1729.000000	1737.681415	-0.208782
3.833008	20.345679	4.101562	1765.000000	1733.732813	0.744246
3.857422	9.345679	4.125977	1752.000000	1731.045060	0.500633
3.881836	14.345679	4.150391	1725.000000	1727.009687	-0.048388
3.906250	7.345679	4.174805	1793.000000	1722.938647	1.654582
3.930664	9.345679	4.199219	1739.000000	1718.455408	0.492660
3.955078	14.345679	4.223633	1658.000000	1713.981357	-1.374837
3.979492	5.345679	4.248047	1690.000000	1708.500804	-0.450036
4.003906	11.345679	4.272461	1685.000000	1703.639035	-0.454071
4.028320	14.345679	4.296875	1675.000000	1698.358892	-0.570749
4.052734	20.345679	4.321289	1675.000000	1693.916001	-0.462191
4.077148	13.345679	4.345703	1727.000000	1689.439137	0.903835
4.101562	12.345679	4.370117	1748.000000	1684.814058	1.511297
4.125977	16.345679	4.394531	1652.000000	1679.559784	-0.678064
4.150391	11.345679	4.418945	1706.000000	1674.055612	0.773402
4.174805	11.345679	4.443359	1711.000000	1668.521884	1.026929
4.199219	10.345679	4.467773	1623.000000	1663.387858	-1.002517
4.223633	9.345679	4.492187	1636.000000	1658.055893	-0.545297
4.248047	6.345679	4.516602	1584.000000	1655.191959	-1.788765
4.272461	8.345679	4.541016	1574.000000	1649.412499	-1.900820
4.296875	6.345679	4.565430	1545.000000	1645.120808	-2.547183
4.321289	9.345679	4.589844	1603.000000	1639.470037	-0.910897
4.345703	9.345679	4.614258	1572.000000	1633.299257	-1.546069
4.370117	8.345679	4.638672	1642.000000	1628.241196	0.339542
4.394531	6.345679	4.663086	1530.000000	1622.117137	-2.355021
4.418945	5.345679	4.687500	1661.000000	1617.377363	1.070353
4.443359	5.345679	4.711914	1657.000000	1612.657311	1.089333
4.467773	6.345679	4.736328	1564.000000	1608.228658	-1.118370
4.492187	5.345679	4.760742	1642.000000	1603.274912	0.955665
4.516602	14.345679	4.785156	1520.000000	1597.798256	-1.995483
4.541016	4.345679	4.809570	1548.000000	1593.159669	-1.147797
4.565430	9.345679	4.833984	1537.000000	1587.996862	-1.300788
4.589844	4.345679	4.858398	1541.000000	1583.127297	-1.073155
4.614258	2.345679	4.882812	1562.000000	1577.462712	-0.391242
4.638672	6.345679	4.907227	1529.000000	1573.452260	-1.136816
4.663086	2.345679	4.931641	1439.000000	1568.099691	-3.403257
4.687500	7.345679	4.956055	1530.000000	1562.497634	-0.830818
4.711914	7.345679	4.980469	1551.000000	1556.918886	-0.150291
4.736328	8.345679	5.004883	1560.000000	1550.819829	0.232428
4.760742	6.345679	5.029297	1516.000000	1544.746149	-0.738295
4.785156	4.345679	5.053711	1434.000000	1539.513023	-2.786323
4.809570	7.345679	5.078125	1437.000000	1534.845193	-2.581137
4.833984	5.345679	5.102539	1556.000000	1528.022700	0.709253
4.858398	6.345679	5.126953	1542.000000	1524.761482	0.438993
4.882812	3.345679	5.151367	1506.000000	1519.883270	-0.357750
4.907227	9.345679	5.175781	1457.000000	1514.481834	-1.505916
4.931641	4.345679	5.200195	1386.000000	1508.287591	-3.284738
4.956055	3.345679	5.224609	1457.000000	1503.477925	-1.217635
4.980469	3.345679	5.249023	1398.000000	1497.329467	-2.656590
5.004883	1.345679	5.273437	1390.000000	1492.021875	-2.736440
5.029297	1.345679	5.297852	1434.000000	1486.464606	-1.385453
5.053711	4.345679	5.322266	1518.000000	1481.202220	0.944465
5.078125	6.345679	5.346680	1411.000000	1476.505252	-1.743864
5.102539	-1.654321	5.371094	1415.000000	1471.827828	-1.510716
5.126953	11.345679	5.395508	1387.000000	1466.354583	-2.130756
5.151367	5.345679	5.419922	1436.000000	1461.719394	-0.678709
5.175781	3.345679	5.444336	1426.000000	1455.744688	-0.787680
5.200195	0.345679	5.468750	1412.000000	1450.610124	-1.027505
5.224609	5.345679	5.493164	1366.000000	1445.225164	-2.143571
5.249023	0.345679	5.517578	1418.000000	1439.047327	-0.558932
5.273437	3.345679	5.541992	1385.000000	1433.982239	-1.316175
5.297852	2.345679	5.566406	1343.000000	1429.481746	-2.359861
5.322266	3.345679	5.590820	1414.000000	1424.184698	-0.270847
5.346680	5.345679	5.615234	1366.000000	1418.094408	-1.409502
5.371094	5.345679	5.639648	1329.000000	1412.572980	-2.292469
5.395508	2.345679	5.664062	1402.000000	1407.074526	-0.135526
5.419922	5.345679	5.688477	1255.000000	1402.685993	-4.168861
5.444336	0.345679	5.712891	1376.000000	1397.500438	-0.579613
5.468750	3.345679	5.737305	1324.000000	1392.608220	-1.885524
5.493164	2.345679	5.761719	1325.000000	1388.823400	-1.753364
5.517578	-0.654321	5.786133	1322.000000	1382.880244	-1.674406
5.541992	3.345679	5.810547	1320.000000	1377.505337	-1.582782
5.566406	5.345679	5.834961	1308.000000	1372.968077	-1.796371
5.590820	2.345679	5.859375	1257.000000	1367.906174	-3.128154
5.615234	-0.654321	5.883789	1269.000000	1362.593572	-2.627334
5.639648	1.345679	5.908203	1277.000000	1357.303075	-2.247174
5.664062	1.345679	5.932617	1370.000000	1352.849874	0.463348
5.688477	5.345679	5.957031	1293.000000	1347.599919	-1.518423
5.712891	2.345679	5.981445	1253.000000	1342.371809	-2.524789
5.737305	3.345679	6.005859	1322.000000	1337.708973	-0.432048
5.761719	7.345679	6.030273	1298.000000	1331.706736	-0.935577
5.786133	-0.654321	6.054687	1242.000000	1327.088277	-2.414398
5.810547	1.345679	6.079102	1244.000000	1321.401991	-2.194532
5.834961	4.345679	6.103516	1270.000000	1317.369929	-1.329232
5.859375	2.345679	6.127930	1250.000000	1313.898165	-1.807313
5.883789	1.345679	6.152344	1208.000000	1309.353805	-2.916128
5.908203	1.345679	6.176758	1218.000000	1304.284831	-2.472355
5.932617	4.345679	6.201172	1246.000000	1298.693428	-1.492786
5.957031	1.345679	6.225586	1233.000000	1293.125289	-1.712283
5.981445	1.345679	6.250000	1222.000000	1287.852080	-1.883796
6.005859	3.345679	6.274414	1263.000000	1283.416093	-0.574475
6.030273	-1.654321	6.298828	1241.000000	1278.726804	-1.070937
6.054687	3.345679	6.323242	1223.000000	1274.057025	-1.459964
6.079102	-0.654321	6.347656	1212.000000	1268.863156	-1.633351
6.103516	5.345679	6.372070	1226.000000	1263.419137	-1.068682
6.127930	7.345679	6.396484	1183.000000	1258.269531	-2.188401
6.152344	3.345679	6.420898	1156.000000	1252.869591	-2.849106
6.176758	1.345679	6.445312	1208.000000	1248.579161	-1.167534
6.201172	-0.654321	6.469727	1171.000000	1243.763063	-2.126339
6.225586	-0.654321	6.494141	1154.000000	1239.782285	-2.525194
6.250000	0.345679	6.518555	1236.000000	1234.731028	0.036095
6.274414	3.345679	6.542969	1175.000000	1229.157267	-1.579930
6.298828	2.345679	6.567383	1110.000000	1224.150220	-3.426220
6.323242	2.345679	6.591797	1202.000000	1219.435766	-0.502908
6.347656	0.345679	6.616211	1208.000000	1214.740929	-0.193948
6.372070	-0.654321	6.640625	1147.000000	1209.793866	-1.854110
6.396484	0.345679	6.665039	1153.000000	1204.867387	-1.527495
6.420898	-0.654321	6.689453	1200.000000	1200.233167	-0.006731
6.445312	3.345679	6.713867	1152.000000	1195.074707	-1.269101
6.469727	1.345679	6.738281	1199.000000	1189.937712	0.261715
6.494141	4.345679	6.762695	1098.000000	1185.093851	-2.628369
6.518555	0.345679	6.787109	1196.000000	1180.813667	0.439124
6.542969	-1.654321	6.811523	1145.000000	1176.007770	-0.916364
6.567383	0.345679	6.835937	1144.000000	1170.950109	-0.796797
6.591797	1.345679	6.860352	1233.000000	1167.272296	1.871832
6.616211	1.345679	6.884766	1169.000000	1161.979222	0.205342
6.640625	0.345679	6.909180	1118.000000	1156.979932	-1.165790
6.665039	0.345679	6.933594	1131.000000	1152.273204	-0.632560
6.689453	1.345679	6.958008	1045.000000	1147.857821	-3.181846
6.713867	-0.654321	6.982422	1152.000000	1142.373767	0.283616
6.738281	-0.654321	7.006836	1087.000000	1137.999574	-1.546863
6.762695	0.345679	7.031250	1153.000000	1133.100060	0.586053
6.787109	2.345679	7.055664	1158.000000	1129.307975	0.843154
6.811523	0.345679	7.080078	1064.000000	1125.531668	-1.886374
6.835937	-0.654321	7.104492	1114.000000	1120.684031	-0.200261
6.860352	4.345679	7.128906	1068.000000	1116.400086	-1.481019
6.884766	-1.654321	7.153320	1066.000000	1111.590444	-1.396353
6.909180	-0.654321	7.177734	1051.000000	1106.800815	-1.721231
6.933594	0.345679	7.202148	1033.000000	1102.302876	-2.156260
6.958008	1.345679	7.226562	1063.000000	1099.182454	-1.109766
6.982422	-2.654321	7.250977	1079.000000	1094.987974	-0.486724
7.006836	1.345679	7.275391	1072.000000	1089.995665	-0.549630
7.031250	-0.654321	7.299805	1094.000000	1085.839410	0.246725
7.055664	3.345679	7.324219	1091.000000	1081.156927	0.298001
7.080078	3.345679	7.348633	1023.000000	1076.765688	-1.680999
7.104492	-0.654321	7.373047	1058.000000	1072.120959	-0.434132
7.128906	1.345679	7.397461	1051.000000	1067.495557	-0.508822
7.153320	-0.654321	7.421875	1079.000000	1063.432922	0.473911
7.177734	-0.654321	7.446289	1039.000000	1060.202472	-0.657777
7.202148	0.345679	7.470703	1055.000000	1056.441943	-0.044394
7.226562	5.345679	7.495117	1018.000000	1052.425300	-1.078956
7.250977	1.345679	7.519531	1051.000000	1048.425370	0.079417
7.275391	-1.654321	7.543945	1084.000000	1044.442083	1.201486
7.299805	1.345679	7.568359	984.000000	1040.747130	-1.809032
7.324219	-0.654321	7.592773	1032.000000	1037.067552	-0.157746
7.348633	0.345679	7.617187	985.000000	1032.316241	-1.507621
7.373047	-0.654321	7.641602	1055.000000	1027.856461	0.835680
7.397461	-0.654321	7.666016	1035.000000	1023.686997	0.351648
7.421875	1.345679	7.690430	980.000000	1018.991361	-1.245533
7.446289	4.345679	7.714844	1003.000000	1014.858785	-0.374446
7.470703	2.345679	7.739258	1030.000000	1011.558685	0.574610
7.495117	1.345679	7.763672	986.000000	1007.185273	-0.674677
7.519531	1.345679	7.788086	970.000000	1003.373581	-1.071561
7.543945	1.345679	7.812500	973.000000	999.034226	-0.834619
7.568359	2.345679	7.836914	1035.000000	995.256449	1.235368
7.592773	2.345679	7.861328	984.000000	990.950869	-0.221586
7.617187	-1.654321	7.885742	977.000000	987.206725	-0.326542
7.641602	-0.654321	7.910156	975.000000	982.662879	-0.245409
7.666016	0.345679	7.934570	951.000000	979.224981	-0.915258
7.690430	-1.654321	7.958984	971.000000	975.529627	-0.145363
7.714844	0.345679	7.983398	970.000000	971.577888	-0.050663
7.739258	3.345679	8.007812	975.000000	967.914352	0.226922
7.763672	-0.654321	8.032227	902.000000	964.266060	-2.073233
7.788086	1.345679	8.056641	947.000000	960.361188	-0.434180
7.812500	-0.654321	8.081055	929.000000	957.016084	-0.919178
7.836914	1.345679	8.105469	961.000000	953.141377	0.253504
7.861328	-0.654321	8.129883	946.000000	949.554554	-0.115569
7.885742	1.345679	8.154297	919.000000	945.710893	-0.881111
7.910156	-1.654321	8.178711	945.000000	942.426747	0.083708
7.934570	2.345679	8.203125	916.000000	938.884506	-0.756125
7.958984	1.345679	8.227539	905.000000	934.269960	-0.972966
7.983398	0.345679	8.251953	907.000000	931.033418	-0.798017
8.007812	1.345679	8.276367	864.000000	927.266822	-2.152381
8.032227	1.345679	8.300781	892.000000	923.787659	-1.064330
8.056641	0.345679	8.325195	937.000000	920.322972	0.544815
8.081055	2.345679	8.349609	890.000000	916.057419	-0.873447
8.105469	0.345679	8.374023	1001.000000	912.896657	2.784680
8.129883	1.345679	8.398437	871.000000	909.477285	-1.303753
8.154297	0.345679	8.422852	933.000000	906.343902	0.872681
8.178711	2.345679	8.447266	905.000000	902.951796	0.068085
8.203125	1.345679	8.471680	875.000000	899.845565	-0.839933
8.227539	-2.654321	8.496094	876.000000	896.208737	-0.682790
8.251953	2.345679	8.520508	884.000000	892.858802	-0.297954
8.276367	0.345679	8.544922	941.000000	890.338087	1.651531
8.300781	1.345679	8.569336	907.000000	887.012579	0.663671
8.325195	1.345679	8.593750	925.000000	883.429147	1.366841
8.349609	-1.654321	8.618164	895.000000	880.675907	0.478802
8.374023	2.345679	8.642578	915.000000	876.303560	1.279265
8.398437	1.345679	8.666992	816.000000	873.036447	-1.996675
8.422852	2.345679	8.691406	896.000000	869.511168	0.884930
8.447266	1.345679	8.715820	883.000000	867.359360	0.526349
8.471680	2.345679	8.740234	825.000000	864.401224	-1.371775
8.496094	0.345679	8.764648	887.000000	860.640114	0.885078
8.520508	1.345679	8.789062	810.000000	857.166414	-1.657259
8.544922	4.345679	8.813477	839.000000	854.250690	-0.526512
8.569336	1.345679	8.837891	832.000000	851.347097	-0.670740
8.593750	0.345679	8.862305	820.000000	847.640303	-0.965241
8.618164	3.345679	8.886719	803.000000	844.492455	-1.464237
8.642578	-2.654321	8.911133	809.000000	841.085943	-1.128082
8.666992	1.345679	8.935547	796.000000	838.508887	-1.506688
8.691406	0.345679	8.959961	884.000000	835.127272	1.643768
8.715820	5.345679	8.984375	857.000000	831.759728	0.862191
8.740234	2.345679	9.008789	836.000000	828.677956	0.253238
8.764648	-0.654321	9.033203	805.000000	825.880768	-0.735950
8.789062	0.345679	9.057617	877.000000	822.279936	1.847765
8.813477	2.345679	9.082031	762.000000	819.509369	-2.083345
8.837891	2.345679	9.106445	806.000000	815.935048	-0.349947
8.862305	-0.654321	9.130859	753.000000	813.734402	-2.213285
8.886719	1.345679	9.155273	814.000000	810.727631	0.114696
8.911133	0.345679	9.179687	855.000000	808.005132	1.607191
8.935547	3.345679	9.204102	831.000000	804.750439	0.910587
8.959961	0.345679	9.228516	776.000000	801.781049	-0.925486
8.984375	0.345679	9.252930	808.000000	798.280493	0.341931
9.008789	1.345679	9.277344	794.000000	795.338023	-0.047485
9.033203	2.345679	9.301758	799.000000	791.592515	0.262058
9.057617	-0.654321	9.326172	796.000000	787.862591	0.288423
9.082031	2.345679	9.350586	813.000000	784.691709	0.992815
9.106445	-0.654321	9.375000	759.000000	782.349301	-0.847526
9.130859	4.345679	9.399414	837.000000	779.201359	1.997813
9.155273	1.345679	9.423828	770.000000	776.338275	-0.228416
9.179687	2.345679	9.448242	739.000000	773.215343	-1.258632
9.204102	0.345679	9.472656	754.000000	769.561885	-0.566730
9.228516	1.345679	9.497070	765.000000	766.738909	-0.062870
9.252930	-0.654321	9.521484	756.000000	763.384159	-0.268559
9.277344	1.345679	9.545898	785.000000	760.043367	0.890740
9.301758	-1.654321	9.570312	771.000000	756.444715	0.524196
9.326172	-1.654321	9.594727	743.000000	753.948078	-0.401646
9.350586	0.345679	9.619141	779.000000	750.918309	1.006131
9.375000	3.345679	9.643555	770.000000	747.629386	0.806181
9.399414	0.345679	9.667969	737.000000	745.169429	-0.300925
9.423828	1.345679	9.692383	728.000000	742.719708	-0.545549
9.448242	0.345679	9.716797	728.000000	740.008419	-0.445062
9.472656	-1.654321	9.741211	749.000000	737.851933	0.407342
9.497070	1.345679	9.765625	726.000000	735.160898	-0.339993
9.521484	-0.654321	9.790039	771.000000	732.209300	1.397013
9.545898	-0.654321	9.814453	724.000000	728.454701	-0.165558
9.570312	-1.654321	9.838867	764.000000	725.802766	1.381927
9.594727	2.345679	9.863281	698.000000	722.618345	-0.931818
9.619141	0.345679	9.887695	732.000000	719.447174	0.463966
9.643555	-0.654321	9.912109	750.000000	716.289198	1.230944
9.667969	2.345679	9.936523	713.000000	714.503164	-0.056294
9.692383	2.345679	9.960937	703.000000	712.724562	-0.366769
9.716797	1.345679	9.985352	705.000000	710.409840	-0.203746
9.741211	3.345679	10.009766	704.000000	707.832987	-0.144461
9.765625	1.345679	10.034180	694.000000	704.995097	-0.417368
9.790039	0.345679	10.058594	662.000000	702.440775	-1.571775
9.814453	-2.654321	10.083008	702.000000	699.897081	0.079370
9.838867	1.345679	10.107422	724.000000	697.907492	0.969720
9.863281	-0.654321	10.131836	692.000000	695.382660	-0.128589
9.887695	-0.654321	10.156250	670.000000	692.596574	-0.872982
9.912109	-0.654321	10.180664	732.000000	689.550319	1.568985
9.936523	4.345679	10.205078	717.000000	686.244978	1.148567
9.960937	4.345679	10.229492	677.000000	684.312194	-0.281030
9.985352	2.345679	10.253906	664.000000	681.843931	-0.692479
10.009766	1.345679	10.278320	720.000000	679.385937	1.513597
10.034180	0.345679	10.302734	665.000000	676.122889	-0.431327
10.058594	1.345679	10.327148	680.000000	673.145179	0.262870
10.083008	1.345679	10.351562	703.000000	670.179859	1.237835
10.107422	3.345679	10.375977	640.000000	667.770398	-1.097721
10.131836	1.345679	10.400391	685.000000	664.555681	0.781137
10.156250	0.345679	10.424805	654.000000	662.984903	-0.351338
10.180664	-0.654321	10.449219	662.000000	660.061859	0.075328
10.205078	-1.654321	10.473633	666.000000	657.150976	0.342893
10.229492	3.345679	10.498047	596.000000	655.067487	-2.419499
10.253906	1.345679	10.522461	637.000000	652.720907	-0.622885
10.278320	1.345679	10.546875	683.000000	650.655851	1.237614
10.302734	-1.654321	10.571289	623.000000	648.327627	-1.014730
10.327148	-0.654321	10.595703	633.000000	645.737329	-0.506263
10.351562	-0.654321	10.620117	635.000000	643.973092	-0.356086
10.375977	1.345679	10.644531	638.000000	641.944434	-0.156162
10.400391	-1.654321	10.668945	646.000000	639.924218	0.239048
10.424805	4.345679	10.693359	618.000000	637.368886	-0.779131
10.449219	-0.654321	10.717773	597.000000	635.367707	-1.570286
10.473633	-0.654321	10.742187	579.000000	633.103095	-2.248448
10.498047	2.345679	10.766602	586.000000	630.304384	-1.830197
10.522461	1.345679	10.791016	605.000000	628.060839	-0.937556
10.546875	2.345679	10.815430	626.000000	625.554869	0.017791
10.571289	1.345679	10.839844	673.000000	622.515805	1.946023
10.595703	0.345679	10.864258	620.000000	619.761146	0.009593
10.620117	3.345679	10.888672	599.000000	617.561471	-0.758401
10.644531	2.345679	10.913086	600.000000	614.555666	-0.594233
10.668945	2.345679	10.937500	567.000000	613.192931	-1.939921
10.693359	0.345679	10.961914	630.000000	610.205303	0.788640
10.717773	2.345679	10.986328	657.000000	608.860670	1.878094
10.742187	1.345679	11.010742	596.000000	607.249871	-0.460813
10.766602	-0.654321	11.035156	584.000000	604.830492	-0.861972
10.791016	1.345679	11.059570	603.000000	602.692941	0.012504
10.815430	0.345679	11.083984	574.000000	600.020762	-1.086086
10.839844	-1.654321	11.108398	627.000000	597.903224	1.162013
10.864258	-0.654321	11.132812	593.000000	595.522735	-0.103596
10.888672	1.345679	11.157227	572.000000	592.880391	-0.873053
10.913086	-1.654321	11.181641	586.000000	590.792562	-0.197979
10.937500	4.345679	11.206055	565.000000	588.441660	-0.986198
10.961914	-1.654321	11.230469	568.000000	585.828779	-0.748079
10.986328	4.345679	11.254883	572.000000	583.770291	-0.492141
11.010742	3.345679	11.279297	471.000000	581.176847	-5.076681
11.035156	0.345679	11.303711	559.000000	578.322434	-0.817252
11.059570	1.345679	11.328125	577.000000	575.479897	0.063283
11.083984	-0.654321	11.352539	563.000000	573.464469	-0.441025
11.108398	1.345679	11.376953	527.000000	571.457428	-1.936596
11.132812	0.345679	11.401367	565.000000	570.002258	-0.210447
11.157227	-0.654321	11.425781	520.000000	567.466101	-2.081526
11.181641	1.345679	11.450195	563.000000	564.396975	-0.058875
11.206055	0.345679	11.474609	578.000000	562.155902	0.659028
11.230469	-0.654321	11.499023	518.000000	559.380631	-1.818161
11.254883	1.345679	11.523437	523.000000	556.888669	-1.481848
11.279297	-0.654321	11.547852	575.000000	554.678837	0.847451
11.303711	-1.654321	11.572266	524.000000	552.478199	-1.244076
11.328125	-1.654321	11.596680	532.000000	550.286717	-0.792830
11.352539	1.345679	11.621094	511.000000	547.832594	-1.629378
11.376953	1.345679	11.645508	530.000000	545.660442	-0.680246
11.401367	3.345679	11.669922	552.000000	542.953807	0.385032
11.425781	-0.654321	11.694336	526.000000	539.986674	-0.609848
11.450195	-2.654321	11.718750	531.000000	537.847168	-0.297142
11.474609	0.345679	11.743164	555.000000	535.173043	0.841607
11.499023	-1.654321	11.767578	518.000000	532.781805	-0.649475
11.523437	-0.654321	11.791992	506.000000	531.215799	-1.120979
11.547852	0.345679	11.816406	492.000000	528.569266	-1.648670
11.572266	0.345679	11.840820	533.000000	526.477266	0.282531
11.596680	0.345679	11.865234	543.000000	523.850450	0.821786
11.621094	-0.654321	11.889648	512.000000	521.778085	-0.432134
11.645508	0.345679	11.914062	528.000000	519.714342	0.360587
11.669922	-1.654321	11.938477	503.000000	517.115665	-0.629386
11.694336	-2.654321	11.962891	504.000000	515.071322	-0.493156
11.718750	0.345679	11.987305	526.000000	512.763725	0.577129
11.743164	-1.654321	12.011719	488.000000	511.009251	-1.041580
11.767578	-0.654321	12.036133	458.000000	508.446794	-2.357224
11.791992	2.345679	12.060547	448.000000	506.166761	-2.748121
11.816406	-1.654321	12.084961	463.000000	504.711496	-1.938498
11.840820	0.345679	12.109375	487.000000	503.534047	-0.749229
11.865234	-1.654321	12.133789	501.000000	502.361497	-0.060827
11.889648	0.345679	12.158203	499.000000	500.106784	-0.049546
11.914062	0.345679	12.182617	496.000000	497.861452	-0.083582
11.938477	-1.654321	12.207031	444.000000	496.712505	-2.501625
11.962891	0.345679	12.231445	471.000000	494.753056	-1.094483
11.987305	-0.654321	12.255859	471.000000	492.801761	-1.004572
12.011719	1.345679	12.280273	507.000000	491.130346	0.704796
12.036133	-1.654321	12.304687	482.000000	489.194124	-0.327683
12.060547	-0.654321	12.329102	507.000000	487.537719	0.864350
12.084961	2.345679	12.353516	483.000000	486.159967	-0.143783
12.109375	3.345679	12.377930	510.000000	483.700906	1.164543
12.133789	3.345679	12.402344	499.000000	482.067357	0.758009
12.158203	-0.654321	12.426758	504.000000	479.897085	1.073629
12.182617	-0.654321	12.451172	467.000000	478.007603	-0.509371
12.207031	3.345679	12.475586	470.000000	476.397744	-0.295106
12.231445	0.345679	12.500000	479.000000	474.794583	0.192150
12.255859	0.345679	12.524414	492.000000	472.111051	0.896663
12.280273	1.345679	12.548828	439.000000	470.253966	-1.491670
12.304687	0.345679	12.573242	447.000000	468.132847	-0.999549
12.329102	1.345679	12.597656	491.000000	466.292315	1.115042
12.353516	2.345679	12.622070	430.000000	464.459441	-1.661782
12.377930	-1.654321	12.646484	479.000000	462.090672	0.772607
12.402344	1.345679	12.670898	474.000000	460.818801	0.605433
12.426758	-0.654321	12.695312	460.000000	458.736941	0.058890
12.451172	0.345679	12.719727	470.000000	456.935504	0.602620
12.475586	1.345679	12.744141	473.000000	454.869802	0.833627
12.500000	1.345679	12.768555	446.000000	452.269173	-0.296854
12.524414	-2.654321	12.792969	439.000000	450.494648	-0.548610
12.548828	0.345679	12.817383	430.000000	448.183984	-0.876910
12.573242	-0.654321	12.841797	446.000000	446.426456	-0.020193
12.597656	0.345679	12.866211	454.000000	444.676241	0.437586
12.622070	0.345679	12.890625	438.000000	442.933309	-0.235723
12.646484	-1.654321	12.915039	409.000000	440.925867	-1.578633
12.670898	2.345679	12.939453	434.000000	438.383258	-0.210403
12.695312	-0.654321	12.963867	455.000000	436.122988	0.884968
12.719727	0.345679	12.988281	441.000000	433.600363	0.352364
12.744141	-0.654321	13.012695	438.000000	431.903515	0.291301
12.768555	-2.654321	13.037109	446.000000	429.941967	0.760370
12.792969	0.345679	13.061523	416.000000	427.988581	-0.587789
12.817383	-1.654321	13.085937	458.000000	425.771562	1.505936
12.841797	0.345679	13.110352	417.000000	424.650811	-0.374662
12.866211	0.345679	13.134766	429.000000	422.447680	0.316349
12.890625	0.345679	13.159180	425.000000	421.612519	0.164317
12.915039	-0.654321	13.183594	434.000000	419.693791	0.686720
12.939453	-2.654321	13.208008	398.000000	418.054806	-1.005257
12.963867	-1.654321	13.232422	410.000000	415.879121	-0.290349
12.988281	-2.654321	13.256836	421.000000	413.712487	0.355172
13.012695	0.345679	13.281250	413.000000	411.826630	0.057738
13.037109	-0.654321	13.305664	438.000000	409.948619	1.340347
13.061523	-0.654321	13.330078	403.000000	408.893705	-0.293586
13.085937	-1.654321	13.354492	428.000000	407.571419	0.987453
13.110352	2.345679	13.378906	388.000000	407.069916	-0.968128
13.134766	-1.654321	13.403320	398.000000	404.939937	-0.347868
13.159180	3.345679	13.427734	453.000000	402.818820	2.357717
13.183594	-0.654321	13.452148	441.000000	401.250051	1.892855
13.208008	0.345679	13.476562	407.000000	399.144287	0.389393
13.232422	-1.654321	13.500977	402.000000	398.134328	0.192802
13.256836	-1.654321	13.525391	408.000000	396.313289	0.578578
13.281250	-0.654321	13.549805	438.000000	394.228066	2.091504
13.305664	-0.654321	13.574219	425.000000	393.238563	1.540656
13.330078	2.345679	13.598633	412.000000	392.253176	0.972856
13.354492	1.345679	13.623047	422.000000	390.728368	1.522279
13.378906	4.345679	13.647461	406.000000	389.481666	0.819791
13.403320	-1.654321	13.671875	423.000000	388.240151	1.690082
13.427734	-1.654321	13.696289	396.000000	386.460280	0.479389
13.452148	0.345679	13.720703	398.000000	385.231336	0.640035
13.476562	-1.654321	13.745117	400.000000	383.735745	0.813213
13.500977	2.345679	13.769531	396.000000	382.789899	0.663833
13.525391	-0.654321	13.793945	369.000000	381.304467	-0.640545
13.549805	-1.654321	13.818359	374.000000	380.640497	-0.343372
13.574219	2.345679	13.842773	393.000000	379.707529	0.670516
13.598633	2.345679	13.867187	392.000000	378.778443	0.667789
13.623047	0.345679	13.891602	386.000000	376.766181	0.469989
13.647461	1.345679	13.916016	408.000000	375.577573	1.605149
13.671875	1.345679	13.940430	384.000000	374.393911	0.490209
13.696289	-0.654321	13.964844	379.000000	372.943413	0.311106
13.720703	1.345679	13.989258	373.000000	370.683669	0.119935
13.745117	0.345679	14.013672	382.000000	369.792130	0.624609
13.769531	2.345679	14.038086	379.000000	367.817258	0.574419
13.793945	0.345679	14.062500	378.000000	366.122364	0.610920
13.818359	3.345679	14.086914	353.000000	364.978044	-0.637527
13.842773	2.345679	14.111328	387.000000	363.838485	1.177366
13.867187	2.345679	14.135742	370.000000	362.431907	0.393446
13.891602	-1.654321	14.160156	385.000000	361.574702	1.193864
13.916016	1.345679	14.184570	363.000000	360.177543	0.148141
13.940430	1.345679	14.208984	348.000000	358.786198	-0.578201
13.964844	0.345679	14.233398	361.000000	357.128881	0.203743
13.989258	-2.654321	14.257812	345.000000	356.021981	-0.593404
14.013672	2.345679	14.282227	348.000000	355.191448	-0.385502
14.038086	-1.654321	14.306641	338.000000	354.364370	-0.890104
14.062500	-0.654321	14.331055	362.000000	352.453691	0.501743
14.086914	1.345679	14.355469	383.000000	351.094483	1.630296
14.111328	1.345679	14.379883	346.000000	349.646989	-0.196063
14.135742	0.345679	14.404297	380.000000	348.205518	1.631023
14.160156	2.345679	14.428711	348.000000	346.770044	0.065933
14.184570	0.345679	14.453125	386.000000	345.340544	2.069512
14.208984	0.345679	14.477539	352.000000	343.916991	0.430826
14.233398	-0.654321	14.501953	332.000000	342.499361	-0.576227
14.257812	1.345679	14.526367	349.000000	341.087630	0.423539
14.282227	2.345679	14.550781	328.000000	339.681773	-0.645018
14.306641	2.345679	14.575195	357.000000	338.281766	0.990674
14.331055	-1.654321	14.599609	344.000000	336.887584	0.383476
14.355469	0.345679	14.624023	315.000000	335.499203	-1.154999
14.648437	343.000000	334.116598	0.479659
14.672852	359.000000	332.739747	1.385963
14.697266	325.000000	331.368624	-0.353268
14.721680	330.000000	330.003207	-0.000177
14.746094	349.000000	328.643470	1.089660
14.770508	335.000000	327.289392	0.421276
14.794922	311.000000	325.940947	-0.847223
14.819336	319.000000	324.598114	-0.313434
14.843750	334.000000	323.260867	0.587619
14.868164	367.000000	321.929185	2.352677
14.892578	334.000000	320.603043	0.733049
14.916992	319.000000	319.282420	-0.015812
14.941406	315.000000	317.967291	-0.167188
14.965820	325.000000	316.657635	0.462751
14.990234	330.000000	315.353428	0.806267
15.014648	327.000000	314.054647	0.715880
15.039062	325.000000	312.761270	0.678883
15.063477	334.000000	311.473275	1.232608
15.087891	292.000000	310.190640	-1.064527
15.112305	308.000000	308.913341	-0.052042
15.136719	290.000000	307.641356	-1.035936
15.161133	297.000000	306.374665	-0.543973
15.185547	285.000000	305.113243	-1.191406
15.209961	317.000000	303.857071	0.738180
15.234375	330.000000	302.606125	1.507983
15.258789	354.000000	301.360384	2.797764
15.283203	315.000000	300.119826	0.838403
15.307617	303.000000	298.884431	0.236433
15.332031	298.000000	297.654175	0.020033
15.356445	310.000000	296.429039	0.770779
15.380859	296.000000	295.209000	0.045976
15.405273	276.000000	293.994037	-1.083114
15.429687	284.000000	292.784130	-0.521242
15.454102	292.000000	291.579257	0.024622
15.478516	281.000000	290.379398	-0.559528
15.502930	289.000000	289.184531	-0.010855
15.527344	292.000000	287.994635	0.234396
15.551758	276.000000	286.809691	-0.650667
15.576172	300.000000	285.629676	0.829671
15.600586	292.000000	284.454572	0.441563
15.625000	330.000000	283.284357	2.571611
15.649414	301.000000	282.119012	1.088282
15.673828	311.000000	280.958515	1.703496
15.698242	258.000000	279.802847	-1.357386
15.722656	277.000000	278.651987	-0.099258
15.747070	286.000000	277.505916	0.502266
15.771484	302.000000	276.364613	1.475151
15.795898	294.000000	275.228060	1.094802
15.820312	302.000000	274.096235	1.605681
15.844727	276.000000	272.969120	0.182438
15.869141	309.000000	271.846694	2.113578
15.893555	295.000000	270.728939	1.413116
15.917969	272.000000	269.615835	0.144561
15.942383	264.000000	268.507362	-0.277409
15.966797	306.000000	267.403501	2.206415
15.991211	314.000000	266.304234	2.691628
16.015625	290.000000	265.209540	1.455746
16.040039	281.000000	264.119401	1.007012
16.064453	302.000000	263.033798	2.242253
16.088867	271.000000	261.952712	0.549584
16.113281	251.000000	260.876124	-0.623375
16.137695	260.000000	259.804016	0.012154
16.162109	266.000000	258.736368	0.445362
16.186523	265.000000	257.673163	0.450084
16.210937	238.000000	256.614382	-1.206591
16.235352	263.000000	255.560007	0.458770
16.259766	257.000000	254.510018	0.155321
16.284180	237.000000	253.464398	-1.069478
16.308594	259.000000	252.423129	0.408667
16.333008	258.000000	251.386193	0.411758
16.357422	283.000000	250.353571	1.940629
16.381836	256.000000	249.325245	0.417172
16.406250	301.000000	248.301199	3.037508
16.430664	237.000000	247.281413	-0.667850
16.455078	271.000000	246.265870	1.502491
16.479492	287.000000	245.254553	2.464156
16.503906	248.000000	244.247444	0.238288
16.528320	270.000000	243.244526	1.628286
16.552734	229.000000	242.245780	-0.875306
16.577148	248.000000	241.251190	0.428550
16.601562	236.000000	240.260739	-0.277350
16.625977	277.000000	239.274408	2.266711
16.650391	224.000000	238.292182	-0.954937
16.674805	253.000000	237.314042	0.986168
16.699219	238.000000	236.339972	0.107604
16.723633	242.000000	235.369955	0.426195
16.748047	235.000000	234.403975	0.038880
16.772461	258.000000	233.442013	1.528913
16.796875	228.000000	232.484055	-0.296964
16.821289	255.000000	231.530082	1.469743
16.845703	226.000000	230.580078	-0.304662
16.870117	229.000000	229.634028	-0.041898
16.894531	230.000000	228.691914	0.086253
16.918945	240.000000	227.753719	0.790494
16.943359	230.000000	226.819429	0.209721
16.967773	256.000000	225.889026	1.881936
16.992187	244.000000	224.962494	1.218751
17.016602	253.000000	224.039817	1.820711
17.041016	228.000000	223.120980	0.323121
17.065430	225.000000	222.205965	0.186269
17.089844	234.000000	221.294758	0.830568
17.114258	211.000000	220.387342	-0.646251
17.138672	239.000000	219.483702	1.262404
17.163086	237.000000	218.583822	1.196259
17.187500	240.000000	217.687686	1.440254
17.211914	241.000000	216.795279	1.559163
17.236328	229.000000	215.906585	0.865237
17.260742	230.000000	215.021589	0.987647
17.285156	240.000000	214.140275	1.669238
17.309570	232.000000	213.262628	1.230169
17.333984	236.000000	212.388633	1.536969
17.358398	211.000000	211.518274	-0.035679
17.382812	228.000000	210.651537	1.148930
17.407227	240.000000	209.788406	1.950150
17.431641	213.000000	208.928867	0.278949
17.456055	257.000000	208.072904	3.051988
17.480469	230.000000	207.220502	1.502036
17.504883	203.000000	206.371647	-0.236643
17.529297	227.000000	205.526325	1.425258
17.553711	200.000000	204.684519	-0.331246
17.578125	245.000000	203.846216	2.629219
17.602539	186.000000	203.011401	-1.247336
17.626953	218.000000	202.180060	1.071462
17.651367	210.000000	201.352178	0.596756
17.675781	224.000000	200.527741	1.568306
17.700195	230.000000	199.706733	1.997479
17.724609	207.000000	198.889142	0.563744
17.749023	224.000000	198.074953	1.732190
17.773437	189.000000	197.264152	-0.601129
17.797852	194.000000	196.456724	-0.176383
17.822266	182.000000	195.652656	-1.012002
17.846680	229.000000	194.851933	2.256568
17.871094	212.000000	194.054543	1.232499
17.895508	171.000000	193.260470	-1.702301
17.919922	218.000000	192.469701	1.729130
17.944336	212.000000	191.682222	1.395431
17.968750	214.000000	190.898020	1.579219
17.993164	199.000000	190.117080	0.629693
18.017578	203.000000	189.339391	0.958787
18.041992	210.000000	188.564937	1.479160
18.066406	203.000000	187.793705	1.067273
18.090820	208.000000	187.025683	1.454307
18.115234	208.000000	186.260856	1.507338
18.139648	187.000000	185.499211	0.109749
18.164062	189.000000	184.740735	0.309816
18.188477	181.000000	183.985416	-0.221904
18.212891	188.000000	183.233239	0.347652
18.237305	196.000000	182.484192	0.965415
18.261719	161.000000	181.738262	-1.634404
18.286133	188.000000	180.995435	0.510860
18.310547	187.000000	180.255699	0.493192
18.334961	199.000000	179.519041	1.380969
18.359375	176.000000	178.785448	-0.209961
18.383789	198.000000	178.054908	1.417436
18.408203	204.000000	177.327407	1.867455
18.432617	193.000000	176.602933	1.180287
18.457031	205.000000	175.881474	2.033726
18.481445	185.000000	175.163016	0.723229
18.505859	180.000000	174.447548	0.413855
18.530273	175.000000	173.735057	0.095621
18.554687	192.000000	173.025530	1.369364
18.579102	211.000000	172.318956	2.662913
18.603516	193.000000	171.615322	1.539303
18.627930	186.000000	170.914615	1.106114
18.652344	166.000000	170.216824	-0.327289
18.676758	170.000000	169.521937	0.036666
18.701172	164.000000	168.829940	-0.377155
18.725586	192.000000	168.140823	1.721888
18.750000	182.000000	167.454573	1.078179
18.774414	168.000000	166.771179	0.094806
18.798828	159.000000	166.090628	-0.562323
18.823242	172.000000	165.412909	0.502261
18.847656	182.000000	164.738010	1.279544
18.872070	188.000000	164.065919	1.745572
18.896484	151.000000	163.396624	-1.008823
18.920898	160.000000	162.730115	-0.215835
18.945312	171.000000	162.066378	0.683171
18.969727	180.000000	161.405403	1.385959
18.994141	182.000000	160.747179	1.575364
19.018555	186.000000	160.091693	1.899689
19.042969	165.000000	159.438935	0.432928
19.067383	182.000000	158.788892	1.720522
19.091797	173.000000	158.141554	1.129667
19.116211	134.000000	157.496910	-2.029824
19.140625	170.000000	156.854948	1.008179
19.165039	181.000000	156.215658	1.842206
19.189453	163.000000	155.579027	0.581255
19.213867	172.000000	154.945045	1.300428
19.238281	165.000000	154.313701	0.831927
19.262695	165.000000	153.684984	0.880873
19.287109	147.000000	153.058883	-0.499728
19.311523	163.000000	152.435387	0.827484
19.335937	145.000000	151.814486	-0.565912
19.360352	157.000000	151.196168	0.463196
19.384766	170.000000	150.580422	1.489414
19.409180	166.000000	149.967239	1.244384
19.433594	149.000000	149.356607	-0.029214
19.458008	182.000000	148.748516	2.464764
19.482422	146.000000	148.142955	-0.177352
19.506836	163.000000	147.539913	1.210927
19.531250	151.000000	146.939381	0.330448
19.555664	160.000000	146.341347	1.079811
19.580078	149.000000	145.745802	0.266594
19.604492	157.000000	145.152735	0.945515
19.628906	155.000000	144.562136	0.838389
19.653320	155.000000	143.973994	0.885630
19.677734	141.000000	143.388299	-0.201131
19.702148	133.000000	142.805041	-0.850205
19.726562	169.000000	142.224210	2.059676
19.750977	146.000000	141.645795	0.360357
19.775391	149.000000	141.069788	0.649668
19.799805	159.000000	140.496177	1.467449
19.824219	153.000000	139.924952	1.057055
19.848633	138.000000	139.356105	-0.115439
19.873047	149.000000	138.789624	0.836467
19.897461	170.000000	138.225501	2.436993
19.921875	135.000000	137.663725	-0.229257
19.946289	130.000000	137.104286	-0.623087
19.970703	148.000000	136.547175	0.941416
19.995117	150.000000	135.992382	1.143717
20.019531	157.000000	135.439897	1.720684
20.043945	155.000000	134.889712	1.615297
20.068359	146.000000	134.341815	0.964838
20.092773	155.000000	133.796198	1.703130
20.117187	162.000000	133.252852	2.258589
20.141602	122.000000	132.711766	-0.969798
20.166016	124.000000	132.172932	-0.733951
20.190430	142.000000	131.636339	0.869699
20.214844	131.000000	131.101979	-0.008910
20.239258	152.000000	130.569843	1.738215
20.263672	137.000000	130.039921	0.594640
20.288086	151.000000	129.512204	1.748652
20.312500	133.000000	128.986682	0.347999
20.336914	146.000000	128.463347	1.451344
20.361328	140.000000	127.942190	1.019071
20.385742	143.000000	127.423201	1.302597
20.410156	106.000000	126.906372	-2.030606
20.434570	131.000000	126.391693	0.402630
20.458984	160.000000	125.879155	2.697490
20.483398	147.000000	125.368751	1.784115
20.507812	134.000000	124.860469	0.789535
20.532227	138.000000	124.354303	1.161599
20.556641	130.000000	123.850243	0.539369
20.581055	149.000000	123.348280	2.101471
20.605469	137.000000	122.848406	1.209052
20.629883	130.000000	122.350612	0.670896
20.654297	112.000000	121.854889	-0.931199
20.678711	126.000000	121.361228	0.413255
20.703125	134.000000	120.869622	1.134292
20.727539	139.000000	120.380061	1.579323
20.751953	143.000000	119.892537	1.932343
20.776367	131.000000	119.407041	1.012881
20.800781	145.000000	118.923566	2.165530
20.825195	123.000000	118.442103	0.410972
20.849609	143.000000	117.962642	2.093729
20.874023	120.000000	117.485177	0.229571
20.898437	136.000000	117.009698	1.628405
20.922852	127.000000	116.536198	0.928512
20.947266	119.000000	116.064668	0.269081
20.971680	135.000000	115.595100	1.670108
20.996094	144.000000	115.114165	2.407153
21.020508	143.000000	114.664927	2.369498
21.044922	114.000000	114.197761	-0.018522
21.069336	115.000000	113.673147	0.123730
21.093750	127.000000	113.200209	1.224533
21.118164	108.000000	112.729239	-0.455071
21.142578	117.000000	112.270127	0.437277
21.166992	125.000000	111.783230	1.182144
21.191406	139.000000	111.328054	2.347104
21.215820	113.000000	110.864874	0.200856
21.240234	126.000000	110.423418	1.387672
