Name des Datensatzes:	<3>
Wiederholrate [ns]:	19.580
Zeit Shift [ns] (fest):	0.000
Offset (fest):	3.549

Komponente 1
tau [ns]:	5.898245
A:	0.276960
%:	100.000000
f:	1.000000

t_irf	irf	t	daten	fit	res
[ns]	counts (offset korrigiert)	[ns]			counts 
1.220703	-0.256098	1.684570	1224.000000	1140.521965	2.386061
1.245117	1.743902	1.708984	1110.000000	1135.753740	-0.772999
1.269531	2.743902	1.733398	1184.000000	1130.724912	1.548276
1.293945	1.743902	1.757812	1137.000000	1125.436559	0.342931
1.318359	1.743902	1.782227	1223.000000	1120.450348	2.932385
1.342773	-1.256098	1.806641	1160.000000	1116.325629	1.282324
1.367187	-0.256098	1.831055	1111.000000	1111.937650	-0.028131
1.391602	0.743902	1.855469	1206.000000	1106.726899	2.858630
1.416016	-1.256098	1.879883	1148.000000	1102.658868	1.338201
1.440430	0.743902	1.904297	1131.000000	1097.766744	0.988193
1.464844	-2.256098	1.928711	1147.000000	1093.735723	1.572731
1.489258	-1.256098	1.953125	1142.000000	1090.001652	1.538709
1.513672	1.743902	1.977539	1105.000000	1085.161811	0.596789
1.538086	2.743902	2.001953	1143.000000	1080.061662	1.861625
1.562500	0.743902	2.026367	1123.000000	1076.664373	1.382691
1.586914	-0.256098	2.050781	1136.000000	1072.159921	1.894106
1.611328	1.743902	2.075195	1181.000000	1067.674076	3.297648
1.635742	-0.256098	2.099609	1133.000000	1063.487060	2.065146
1.660156	-1.256098	2.124023	1047.000000	1059.597637	-0.389328
1.684570	-0.256098	2.148437	1090.000000	1054.322786	1.080632
1.708984	-0.256098	2.172852	1073.000000	1049.630322	0.713432
1.733398	-1.256098	2.197266	1089.000000	1044.676941	1.343123
1.757812	-2.256098	2.221680	1098.000000	1040.584918	1.732706
1.782227	-1.256098	2.246094	1111.000000	1035.668901	2.260046
1.806641	1.743902	2.270508	1085.000000	1032.174684	1.603715
1.831055	0.743902	2.294922	1072.000000	1028.134303	1.339762
1.855469	-2.256098	2.319336	1049.000000	1024.390910	0.759815
1.879883	1.743902	2.343750	1066.000000	1020.662980	1.388591
1.904297	-1.256098	2.368164	1103.000000	1016.670150	2.599401
1.928711	1.743902	2.392578	1010.000000	1014.095306	-0.128862
1.953125	2.743902	2.416992	1062.000000	1012.371994	1.522876
1.977539	-1.256098	2.441406	1010.000000	1012.057294	-0.064734
2.001953	-2.256098	2.465820	1109.000000	1013.705985	2.861540
2.026367	3.743902	2.490234	1020.000000	1019.832644	0.005240
2.050781	-0.256098	2.514648	1057.000000	1026.494594	0.938295
2.075195	-0.256098	2.539062	1094.000000	1039.575896	1.645442
2.099609	0.743902	2.563477	1125.000000	1060.451526	1.924464
2.124023	1.743902	2.587891	1138.000000	1080.680329	1.699153
2.148437	-3.256098	2.612305	1146.000000	1107.272444	1.144005
2.172852	-1.256098	2.636719	1160.000000	1139.080391	0.614221
2.197266	-2.256098	2.661133	1209.000000	1201.589807	0.213116
2.221680	0.743902	2.685547	1314.000000	1314.294782	-0.008132
2.246094	-2.256098	2.709961	1474.000000	1527.722039	-1.399277
2.270508	2.743902	2.734375	1721.000000	1879.856449	-3.829256
2.294922	0.743902	2.758789	2115.000000	2471.593188	-7.753858
2.319336	1.743902	2.783203	2886.000000	3358.002279	-8.786096
2.343750	1.743902	2.807617	4052.000000	4549.919377	-7.822117
2.368164	0.743902	2.832031	5400.000000	6026.181326	-8.521249
2.392578	5.743902	2.856445	7142.000000	7727.591769	-6.929231
2.416992	8.743902	2.880859	9172.000000	9510.268362	-3.532070
2.441406	13.743902	2.905273	11197.000000	11297.634180	-0.951031
2.465820	20.743902	2.929687	13195.000000	13081.260893	0.990159
2.490234	36.743902	2.954102	15108.000000	14687.098459	3.424341
2.514648	38.743902	2.978516	16405.000000	16111.676783	2.290120
2.539062	61.743902	3.002930	17732.000000	17388.539531	2.579276
2.563477	89.743902	3.027344	18719.000000	18464.199217	1.862342
2.587891	87.743902	3.051758	20118.000000	19416.008483	4.949251
2.612305	110.743902	3.076172	20734.000000	20198.229630	3.720807
2.636719	129.743902	3.100586	21194.000000	20813.525258	2.613481
2.661133	239.743902	3.125000	21944.000000	21309.394759	4.283963
2.685547	419.743902	3.149414	22530.000000	21668.672624	5.738358
2.709961	780.743902	3.173828	22839.000000	21940.975337	5.942234
2.734375	1278.743902	3.198242	22996.000000	22144.320978	5.616294
2.758789	2138.743902	3.222656	23000.000000	22280.956476	4.741233
2.783203	3198.743902	3.247070	22853.000000	22357.043661	3.280740
2.807617	4301.743902	3.271484	22880.000000	22391.892948	3.226912
2.832031	5333.743902	3.295898	22882.000000	22401.931999	3.173626
2.856445	6158.743902	3.320312	23255.000000	22402.399428	5.590974
2.880859	6473.743902	3.344727	23085.000000	22386.327302	4.598422
2.905273	6516.743902	3.369141	22764.000000	22350.700657	2.739305
2.929687	6529.743902	3.393555	22617.000000	22303.728927	2.083065
2.954102	5921.743902	3.417969	22771.000000	22253.867935	3.426971
2.978516	5298.743902	3.442383	22599.000000	22200.288720	2.652247
3.002930	4792.743902	3.466797	22551.000000	22144.127836	2.709412
3.027344	4093.743902	3.491211	22509.000000	22086.517140	2.815989
3.051758	3667.743902	3.515625	22531.000000	22024.379336	3.375147
3.076172	3076.743902	3.540039	22568.000000	21957.172527	4.066044
3.100586	2492.743902	3.564453	22630.000000	21893.606910	4.895166
3.125000	2075.743902	3.588867	22433.000000	21826.099381	4.052042
3.149414	1595.743902	3.613281	22261.000000	21762.234285	3.342907
3.173828	1290.743902	3.637695	22046.000000	21690.784632	2.392362
3.198242	1048.743902	3.662109	22258.000000	21627.478475	4.226266
3.222656	813.743902	3.686523	22263.000000	21561.350528	4.702495
3.247070	599.743902	3.710937	21852.000000	21492.132149	2.434431
3.271484	453.743902	3.735352	21709.000000	21424.601180	1.930225
3.295898	365.743902	3.759766	21732.000000	21359.591548	2.526211
3.320312	331.743902	3.784180	21655.000000	21297.092838	2.432155
3.344727	272.743902	3.808594	21680.000000	21228.405418	3.067037
3.369141	202.743902	3.833008	21594.000000	21163.085007	2.932412
3.393555	161.743902	3.857422	21193.000000	21103.079790	0.617677
3.417969	150.743902	3.881836	21296.000000	21041.360342	1.744926
3.442383	136.743902	3.906250	21441.000000	20981.017030	3.141371
3.466797	126.743902	3.930664	21419.000000	20930.733430	3.336241
3.491211	120.743902	3.955078	21147.000000	20876.172755	1.862379
3.515625	103.743902	3.979492	21251.000000	20821.837451	2.943962
3.540039	84.743902	4.003906	21186.000000	20768.567483	2.867885
3.564453	96.743902	4.028320	20907.000000	20712.153971	1.347553
3.588867	81.743902	4.052734	20874.000000	20652.609900	1.532341
3.613281	93.743902	4.077148	20850.000000	20590.508797	1.797089
3.637695	65.743902	4.101562	20804.000000	20531.186901	1.891437
3.662109	93.743902	4.125977	20629.000000	20468.746459	1.115754
3.686523	82.743902	4.150391	20860.000000	20401.238261	3.176362
3.710937	70.743902	4.174805	20650.000000	20332.327124	2.210651
3.735352	75.743902	4.199219	20556.000000	20264.541531	2.032860
3.759766	83.743902	4.223633	20207.000000	20196.195041	0.076010
3.784180	91.743902	4.248047	20193.000000	20121.403698	0.503837
3.808594	68.743902	4.272461	20188.000000	20048.883383	0.979112
3.833008	79.743902	4.296875	20224.000000	19976.942923	1.737256
3.857422	97.743902	4.321289	19792.000000	19902.216339	-0.783432
3.881836	90.743902	4.345703	20127.000000	19824.434839	2.132698
3.906250	94.743902	4.370117	19927.000000	19748.376122	1.265373
3.930664	129.743902	4.394531	19740.000000	19676.275460	0.453558
3.955078	113.743902	4.418945	19657.000000	19599.146945	0.412637
3.979492	113.743902	4.443359	19411.000000	19524.579411	-0.815222
4.003906	116.743902	4.467773	19416.000000	19448.357799	-0.232220
4.028320	104.743902	4.492187	19437.000000	19371.610136	0.469025
4.052734	92.743902	4.516602	19438.000000	19295.459790	1.022378
4.077148	82.743902	4.541016	19198.000000	19221.586085	-0.170227
4.101562	91.743902	4.565430	18996.000000	19146.335735	-1.090765
4.125977	79.743902	4.589844	19190.000000	19071.956815	0.852125
4.150391	60.743902	4.614258	19256.000000	18997.324531	1.864113
4.174805	54.743902	4.638672	18806.000000	18924.121722	-0.861354
4.199219	57.743902	4.663086	18609.000000	18849.539496	-1.763295
4.223633	54.743902	4.687500	18498.000000	18777.788032	-2.057154
4.248047	30.743902	4.711914	18647.000000	18705.211754	-0.426291
4.272461	37.743902	4.736328	18588.000000	18632.935263	-0.329588
4.296875	38.743902	4.760742	18548.000000	18557.874035	-0.072501
4.321289	27.743902	4.785156	18452.000000	18486.486444	-0.253879
4.345703	15.743902	4.809570	18026.000000	18412.030146	-2.875223
4.370117	20.743902	4.833984	18182.000000	18338.722297	-1.162278
4.394531	33.743902	4.858398	18111.000000	18266.277855	-1.153821
4.418945	14.743902	4.882812	17942.000000	18193.291759	-1.876043
4.443359	22.743902	4.907227	18034.000000	18121.448040	-0.651184
4.467773	15.743902	4.931641	17901.000000	18050.741978	-1.119193
4.492187	12.743902	4.956055	17692.000000	17978.365888	-2.152944
4.516602	13.743902	4.980469	17668.000000	17906.569057	-1.794818
4.541016	20.743902	5.004883	17491.000000	17835.349093	-2.603704
4.565430	14.743902	5.029297	17356.000000	17764.703612	-3.102299
4.589844	16.743902	5.053711	17369.000000	17694.069644	-2.466545
4.614258	14.743902	5.078125	17004.000000	17623.447142	-4.750384
4.638672	18.743902	5.102539	16993.000000	17554.517851	-4.307532
4.663086	12.743902	5.126953	17170.000000	17483.911192	-2.395641
4.687500	21.743902	5.151367	16951.000000	17413.596185	-3.553075
4.711914	17.743902	5.175781	16985.000000	17344.132221	-2.755634
4.736328	17.743902	5.200195	16773.000000	17275.515787	-3.880113
4.760742	6.743902	5.224609	16837.000000	17206.622186	-2.848562
4.785156	18.743902	5.249023	16753.000000	17138.013161	-2.974605
4.809570	6.743902	5.273437	16789.000000	17071.929925	-2.183567
4.833984	9.743902	5.297852	16610.000000	17002.475773	-3.045286
4.858398	11.743902	5.322266	16370.000000	16934.429707	-4.411492
4.882812	8.743902	5.346680	16451.000000	16866.664716	-3.240761
4.907227	11.743902	5.371094	16410.000000	16801.982625	-3.059937
4.931641	14.743902	5.395508	16198.000000	16734.764727	-4.217482
4.956055	7.743902	5.419922	16345.000000	16668.665378	-2.531651
4.980469	8.743902	5.444336	16371.000000	16600.036076	-1.790055
5.004883	9.743902	5.468750	16115.000000	16534.773544	-3.306739
5.029297	10.743902	5.493164	15934.000000	16467.818498	-4.228937
5.053711	9.743902	5.517578	15918.000000	16401.420318	-3.831604
5.078125	8.743902	5.541992	15954.000000	16334.455510	-3.012098
5.102539	13.743902	5.566406	15970.000000	16268.047609	-2.358485
5.126953	6.743902	5.590820	15496.000000	16201.914017	-5.670770
5.151367	6.743902	5.615234	15889.000000	16137.735391	-1.973283
5.175781	8.743902	5.639648	15644.000000	16072.140073	-3.423040
5.200195	10.743902	5.664062	15600.000000	16006.535408	-3.254888
5.224609	8.743902	5.688477	15368.000000	15940.921434	-4.621537
5.249023	8.743902	5.712891	15446.000000	15876.699683	-3.465505
5.273437	16.743902	5.737305	15458.000000	15811.341717	-2.841962
5.297852	3.743902	5.761719	15498.000000	15747.374917	-2.003157
5.322266	7.743902	5.786133	15338.000000	15684.513237	-2.797921
5.346680	7.743902	5.810547	14975.000000	15622.471815	-5.290996
5.371094	17.743902	5.834961	15068.000000	15560.126066	-4.009115
5.395508	7.743902	5.859375	15089.000000	15496.636353	-3.318507
5.419922	10.743902	5.883789	15124.000000	15433.969492	-2.520494
5.444336	0.743902	5.908203	14856.000000	15372.402381	-4.236793
5.468750	11.743902	5.932617	14910.000000	15309.127492	-3.268683
5.493164	4.743902	5.957031	14830.000000	15245.553373	-3.412371
5.517578	5.743902	5.981445	14765.000000	15183.923648	-3.447610
5.541992	2.743902	6.005859	14654.000000	15121.147000	-3.859006
5.566406	3.743902	6.030273	14665.000000	15060.311454	-3.264362
5.590820	3.743902	6.054687	14605.000000	15001.128691	-3.277823
5.615234	9.743902	6.079102	14520.000000	14940.508600	-3.489728
5.639648	3.743902	6.103516	14511.000000	14880.979805	-3.071350
5.664062	2.743902	6.127930	14354.000000	14820.575709	-3.894356
5.688477	1.743902	6.152344	14518.000000	14760.701419	-2.014276
5.712891	5.743902	6.176758	14427.000000	14701.635047	-2.286483
5.737305	0.743902	6.201172	14418.000000	14643.092956	-1.874603
5.761719	4.743902	6.225586	14112.000000	14583.671487	-3.970501
5.786133	7.743902	6.250000	14216.000000	14525.616663	-2.596783
5.810547	9.743902	6.274414	14048.000000	14466.119851	-3.527715
5.834961	7.743902	6.298828	14086.000000	14406.588501	-2.701184
5.859375	2.743902	6.323242	13867.000000	14347.863652	-4.083482
5.883789	4.743902	6.347656	13887.000000	14291.063166	-3.428823
5.908203	7.743902	6.372070	13761.000000	14232.815512	-4.022048
5.932617	0.743902	6.396484	13791.000000	14175.649355	-3.275421
5.957031	-1.256098	6.420898	13772.000000	14117.598136	-2.944916
5.981445	4.743902	6.445312	13901.000000	14060.347305	-1.351518
6.005859	-0.256098	6.469727	13710.000000	14003.332956	-2.505198
6.030273	5.743902	6.494141	13600.000000	13947.114712	-2.976484
6.054687	10.743902	6.518555	13478.000000	13890.568088	-3.553718
6.079102	4.743902	6.542969	13531.000000	13833.205628	-2.597991
6.103516	7.743902	6.567383	13559.000000	13776.080112	-1.864259
6.127930	3.743902	6.591797	13591.000000	13719.190562	-1.099589
6.152344	4.743902	6.616211	13465.000000	13662.536003	-1.702327
6.176758	6.743902	6.640625	13262.000000	13606.115464	-2.988131
6.201172	7.743902	6.665039	13474.000000	13549.927979	-0.654114
6.225586	3.743902	6.689453	13264.000000	13493.972585	-1.996820
6.250000	7.743902	6.713867	13235.000000	13438.248324	-1.766709
6.274414	1.743902	6.738281	13332.000000	13382.754240	-0.439567
6.298828	0.743902	6.762695	13263.000000	13327.489382	-0.559973
6.323242	2.743902	6.787109	13054.000000	13272.452805	-1.911991
6.347656	8.743902	6.811523	13185.000000	13217.643565	-0.284287
6.372070	2.743902	6.835937	12895.000000	13163.060722	-2.360601
6.396484	5.743902	6.860352	12901.000000	13108.703343	-1.828655
6.420898	1.743902	6.884766	12868.000000	13054.570495	-1.644703
6.445312	3.743902	6.909180	12808.000000	13000.661251	-1.702369
6.469727	3.743902	6.933594	12940.000000	12946.974687	-0.061314
6.494141	5.743902	6.958008	12858.000000	12893.509884	-0.313157
6.518555	3.743902	6.982422	12899.000000	12840.265925	0.517145
7.006836	12708.000000	12787.241899	-0.702937
7.031250	12531.000000	12734.436897	-1.817343
7.055664	12416.000000	12681.850014	-2.385865
7.080078	12656.000000	12629.480349	0.235733
7.104492	12689.000000	12577.327005	0.991367
7.128906	12436.000000	12525.389088	-0.801575
7.153320	12416.000000	12473.665709	-0.517520
7.177734	12346.000000	12422.155981	-0.685395
7.202148	12317.000000	12370.859022	-0.485295
7.226562	12210.000000	12319.773953	-0.993440
7.250977	12303.000000	12268.899899	0.307433
7.275391	12064.000000	12218.235987	-1.404236
7.299805	12134.000000	12167.781351	-0.306673
7.324219	12337.000000	12117.535126	1.975879
7.348633	12002.000000	12067.496450	-0.597848
7.373047	11809.000000	12017.664466	-1.920180
7.397461	11909.000000	11968.038322	-0.540999
7.421875	12143.000000	11918.617165	2.036229
7.446289	12027.000000	11869.400150	1.437067
7.470703	11770.000000	11820.386434	-0.464435
7.495117	11635.000000	11771.575176	-1.266160
7.519531	11878.000000	11722.965541	1.422514
7.543945	11685.000000	11674.556695	0.096610
7.568359	11797.000000	11626.347810	1.571180
7.592773	11693.000000	11578.338058	1.060367
7.617187	11782.000000	11530.526619	2.316768
7.641602	11500.000000	11482.912671	0.159340
7.666016	11345.000000	11435.495401	-0.849619
7.690430	11482.000000	11388.273995	0.874684
7.714844	11476.000000	11341.247644	1.257885
7.739258	11380.000000	11294.415542	0.802276
7.763672	11409.000000	11247.776888	1.509397
7.788086	11239.000000	11201.330882	0.355322
7.812500	11071.000000	11155.076728	-0.799065
7.836914	11027.000000	11109.013634	-0.781011
7.861328	11078.000000	11063.140810	0.141177
7.885742	11024.000000	11017.457472	0.062313
7.910156	10961.000000	10971.962835	-0.104712
7.934570	10896.000000	10926.656121	-0.293686
7.958984	10774.000000	10881.536554	-1.036019
7.983398	10788.000000	10836.603359	-0.467946
8.007812	10907.000000	10791.855768	1.102528
8.032227	10849.000000	10747.293014	0.976463
8.056641	10672.000000	10702.914333	-0.299252
8.081055	10671.000000	10658.718966	0.118886
8.105469	10749.000000	10614.706153	1.295305
8.129883	10776.000000	10570.875143	1.976012
8.154297	10577.000000	10527.225183	0.483981
8.178711	10368.000000	10483.755526	-1.136827
8.203125	10407.000000	10440.465427	-0.328045
8.227539	10366.000000	10397.354145	-0.307956
8.251953	10214.000000	10354.420940	-1.389421
8.276367	10290.000000	10311.665077	-0.213576
8.300781	9962.000000	10269.085825	-3.076710
8.325195	10095.000000	10226.682452	-1.310614
8.349609	10167.000000	10184.454233	-0.173103
8.374023	10069.000000	10142.400444	-0.731485
8.398437	10149.000000	10100.520364	0.481224
8.422852	9991.000000	10058.813277	-0.678438
8.447266	9908.000000	10017.278467	-1.097846
8.471680	9638.000000	9975.915223	-3.442027
8.496094	9867.000000	9934.722836	-0.681777
8.520508	9846.000000	9893.700601	-0.480722
8.544922	9606.000000	9852.847815	-2.518593
8.569336	9906.000000	9812.163777	0.942804
8.593750	9757.000000	9771.647790	-0.148291
8.618164	9530.000000	9731.299162	-2.062033
8.642578	9778.000000	9691.117199	0.878636
8.666992	9696.000000	9651.101214	0.455972
8.691406	9687.000000	9611.250522	0.769635
8.715820	9585.000000	9571.564438	0.137233
8.740234	9479.000000	9532.042285	-0.544805
8.764648	9587.000000	9492.683383	0.963267
8.789062	9517.000000	9453.487060	0.651047
8.813477	9505.000000	9414.452642	0.928752
8.837891	9614.000000	9375.579463	2.431597
8.862305	9463.000000	9336.866855	1.296626
8.886719	9322.000000	9298.314156	0.245321
8.911133	9209.000000	9259.920704	-0.530626
8.935547	9035.000000	9221.685842	-1.964026
8.959961	9163.000000	9183.608916	-0.215296
8.984375	9167.000000	9145.689272	0.222579
9.008789	9228.000000	9107.926260	1.249955
9.033203	9008.000000	9070.319235	-0.656611
9.057617	9099.000000	9032.867551	0.693295
9.082031	8974.000000	8995.570568	-0.227703
9.106445	9005.000000	8958.427645	0.490779
9.130859	9031.000000	8921.438147	1.152899
9.155273	8945.000000	8884.601439	0.638611
9.179687	8775.000000	8847.916891	-0.778403
9.204102	8873.000000	8811.383874	0.654123
9.228516	8739.000000	8775.001763	-0.385117
9.252930	8641.000000	8738.769933	-1.051776
9.277344	8753.000000	8702.687765	0.537768
9.301758	8551.000000	8666.754639	-1.251786
9.326172	8756.000000	8630.969941	1.336170
9.350586	8685.000000	8595.333057	0.962160
9.375000	8758.000000	8559.843376	2.117416
9.399414	8602.000000	8524.500291	0.835604
9.423828	8463.000000	8489.303196	-0.285921
9.448242	8553.000000	8454.251488	1.067754
9.472656	8428.000000	8419.344567	0.094282
9.497070	8650.000000	8384.581834	2.853794
9.521484	8446.000000	8349.962694	1.044996
9.545898	8424.000000	8315.486553	1.182291
9.570312	8343.000000	8281.152821	0.677109
9.594727	8143.000000	8246.960910	-1.152067
9.619141	8364.000000	8212.910235	1.652068
9.643555	8323.000000	8179.000210	1.578418
9.667969	8296.000000	8145.230256	1.655312
9.692383	8212.000000	8111.599794	1.107924
9.716797	8082.000000	8078.108248	0.043290
9.741211	8155.000000	8044.755044	1.220806
9.765625	8033.000000	8011.539610	0.239441
9.790039	8025.000000	7978.461378	0.519507
9.814453	7911.000000	7945.519781	-0.388108
9.838867	7860.000000	7912.714253	-0.594589
9.863281	7940.000000	7880.044234	0.672854
9.887695	7861.000000	7847.509164	0.152160
9.912109	7955.000000	7815.108485	1.568452
9.936523	7866.000000	7782.841641	0.937624
9.960937	7817.000000	7750.708081	0.749792
9.985352	7897.000000	7718.707254	2.006331
10.009766	7741.000000	7686.838610	0.615590
10.034180	7753.000000	7655.101605	1.111836
10.058594	7612.000000	7623.495695	-0.131761
10.083008	7639.000000	7592.020337	0.537516
10.107422	7548.000000	7560.674994	-0.145892
10.131836	7713.000000	7529.459127	2.089879
10.156250	7733.000000	7498.372202	2.668121
10.180664	7528.000000	7467.413687	0.698288
10.205078	7512.000000	7436.583050	0.870144
10.229492	7539.000000	7405.879764	1.533159
10.253906	7472.000000	7375.303302	1.118647
10.278320	7432.000000	7344.853142	1.010878
10.302734	7407.000000	7314.528760	1.074448
10.327148	7230.000000	7284.329638	-0.638951
10.351562	7340.000000	7254.255258	1.000828
10.375977	7284.000000	7224.305105	0.699443
10.400391	7155.000000	7194.478665	-0.466721
10.424805	7161.000000	7164.775429	-0.044615
10.449219	7296.000000	7135.194886	1.882597
10.473633	7174.000000	7105.736530	0.805949
10.498047	7218.000000	7076.399856	1.666692
10.522461	7071.000000	7047.184362	0.283219
10.546875	7109.000000	7018.089547	1.078225
10.571289	6971.000000	6989.114912	-0.216965
10.595703	6924.000000	6960.259962	-0.435761
10.620117	6980.000000	6931.524201	0.580226
10.644531	7004.000000	6902.907138	1.207946
10.668945	6916.000000	6874.408282	0.500126
10.693359	6824.000000	6846.027145	-0.266648
10.717773	6812.000000	6817.763241	-0.069828
10.742187	6758.000000	6789.616085	-0.384591
10.766602	6798.000000	6761.585195	0.441659
10.791016	6608.000000	6733.670091	-1.545955
10.815430	6781.000000	6705.870295	0.912357
10.839844	6588.000000	6678.185330	-1.111115
10.864258	6632.000000	6650.614721	-0.228578
10.888672	6640.000000	6623.157998	0.206685
10.913086	6552.000000	6595.814689	-0.541293
10.937500	6618.000000	6568.584325	0.607437
10.961914	6541.000000	6541.466441	-0.005767
10.986328	6438.000000	6514.460571	-0.952932
11.010742	6403.000000	6487.566253	-1.056831
11.035156	6398.000000	6460.783027	-0.784910
11.059570	6345.000000	6434.110432	-1.118698
11.083984	6387.000000	6407.548013	-0.257111
11.108398	6243.000000	6381.095314	-1.747762
11.132812	6313.000000	6354.751882	-0.525482
11.157227	6181.000000	6328.517265	-1.876348
11.181641	6281.000000	6302.391014	-0.269909
11.206055	6126.000000	6276.372682	-1.921235
11.230469	6083.000000	6250.461823	-2.147123
11.254883	6100.000000	6224.657992	-1.596082
11.279297	5959.000000	6198.960749	-3.108519
11.303711	6071.000000	6173.369651	-1.313836
11.328125	6045.000000	6147.884262	-1.323277
11.352539	5822.000000	6122.504143	-3.938350
11.376953	6078.000000	6097.228862	-0.246646
11.401367	5980.000000	6072.057983	-1.190449
11.425781	5895.000000	6046.991077	-1.979594
11.450195	5911.000000	6022.027714	-1.444112
11.474609	6026.000000	5997.167465	0.371423
11.499023	5927.000000	5972.409906	-0.589839
11.523437	5858.000000	5947.754611	-1.172687
11.547852	5878.000000	5923.201159	-0.589569
11.572266	5790.000000	5898.749129	-1.429179
11.596680	5811.000000	5874.398102	-0.831670
11.621094	5787.000000	5850.147660	-0.830100
11.645508	5746.000000	5825.997388	-1.055341
11.669922	5720.000000	5801.946873	-1.083514
11.694336	5654.000000	5777.995702	-1.649031
11.718750	5552.000000	5754.143465	-2.712907
11.743164	5649.000000	5730.389754	-1.082889
11.767578	5571.000000	5706.734161	-1.818539
11.791992	5659.000000	5683.176281	-0.321381
11.816406	5445.000000	5659.715710	-2.909812
11.840820	5412.000000	5636.352047	-3.049658
11.865234	5487.000000	5613.084891	-1.702141
11.889648	5426.000000	5589.913843	-2.225234
11.914062	5595.000000	5566.838507	0.376492
11.938477	5410.000000	5543.858487	-1.819899
11.962891	5348.000000	5520.973390	-2.365286
11.987305	5375.000000	5498.182823	-1.680200
12.011719	5266.000000	5475.486397	-2.886791
12.036133	5267.000000	5452.883721	-2.561296
12.060547	5366.000000	5430.374409	-0.878796
12.084961	5411.000000	5407.958075	0.041353
12.109375	5338.000000	5385.634335	-0.651975
12.133789	5318.000000	5363.402807	-0.622599
12.158203	5376.000000	5341.263110	0.473763
12.182617	5201.000000	5319.214864	-1.639188
12.207031	5179.000000	5297.257691	-1.643261
12.231445	5208.000000	5275.391217	-0.933830
12.255859	5093.000000	5253.615065	-2.250606
12.280273	5089.000000	5231.928862	-2.003566
12.304687	5068.000000	5210.332238	-1.999332
12.329102	5008.000000	5188.824822	-2.555206
12.353516	5117.000000	5167.406246	-0.704655
12.377930	5081.000000	5146.076143	-0.912950
12.402344	5045.000000	5124.834146	-1.123979
12.426758	4905.000000	5103.679893	-2.836837
12.451172	5110.000000	5082.613021	0.383119
12.475586	4968.000000	5061.633169	-1.328431
12.500000	4910.000000	5040.739977	-1.865811
12.524414	4953.000000	5019.933088	-0.951057
12.548828	5096.000000	4999.212145	1.355833
12.573242	4814.000000	4978.576793	-2.372005
12.597656	4911.000000	4958.026679	-0.671057
12.622070	4944.000000	4937.561450	0.091569
12.646484	4896.000000	4917.180755	-0.302706
12.670898	4875.000000	4896.884246	-0.313433
12.695312	4771.000000	4876.671575	-1.529866
12.719727	4826.000000	4856.542396	-0.439652
12.744141	4670.000000	4836.496363	-2.436387
12.768555	4801.000000	4816.533134	-0.224178
12.792969	4840.000000	4796.652365	0.623078
12.817383	4617.000000	4776.853717	-2.352571
12.841797	4770.000000	4757.136851	0.186246
12.866211	4618.000000	4737.501428	-1.758515
12.890625	4706.000000	4717.947112	-0.174155
12.915039	4814.000000	4698.473568	1.665054
12.939453	4739.000000	4679.080463	0.870412
12.963867	4656.000000	4659.767464	-0.055213
12.988281	4669.000000	4640.534240	0.416592
13.012695	4615.000000	4621.380462	-0.093922
13.037109	4622.000000	4602.305802	0.289683
13.061523	4535.000000	4583.309932	-0.717378
13.085937	4522.000000	4564.392528	-0.630411
13.110352	4449.000000	4545.553265	-1.447557
13.134766	4487.000000	4526.791821	-0.594040
13.159180	4443.000000	4508.107873	-0.976777
13.183594	4477.000000	4489.501103	-0.186834
13.208008	4522.000000	4470.971190	0.758840
13.232422	4488.000000	4452.517818	0.529644
13.256836	4425.000000	4434.140671	-0.137411
13.281250	4391.000000	4415.839433	-0.374852
13.305664	4377.000000	4397.613792	-0.311580
13.330078	4449.000000	4379.463434	1.042514
13.354492	4282.000000	4361.388049	-1.213198
13.378906	4391.000000	4343.387327	0.718523
13.403320	4261.000000	4325.460960	-0.987509
13.427734	4298.000000	4307.608640	-0.146564
13.452148	4223.000000	4289.830062	-1.028398
13.476562	4286.000000	4272.124922	0.211938
13.500977	4295.000000	4254.492915	0.618087
13.525391	4293.000000	4236.933740	0.855699
13.549805	4304.000000	4219.447095	1.288820
13.574219	4261.000000	4202.032682	0.903349
13.598633	4177.000000	4184.690202	-0.118989
13.623047	4163.000000	4167.419358	-0.068495
13.647461	4175.000000	4150.219854	0.383509
13.671875	4174.000000	4133.091394	0.633196
13.696289	4063.000000	4116.033687	-0.832010
13.720703	4096.000000	4099.046439	-0.047601
13.745117	4055.000000	4082.129359	-0.426034
13.769531	4020.000000	4065.282158	-0.714191
13.793945	4076.000000	4048.504547	0.430669
13.818359	3993.000000	4031.796238	-0.613960
13.842773	4042.000000	4015.156946	0.422215
13.867187	4107.000000	3998.586385	1.691693
13.891602	3997.000000	3982.084271	0.235927
13.916016	4075.000000	3965.650321	1.712986
13.940430	4009.000000	3949.284254	0.943128
13.964844	3994.000000	3932.985790	0.965444
13.989258	3845.000000	3916.754650	-1.157183
14.013672	3762.000000	3900.590554	-2.259562
14.038086	3860.000000	3884.493227	-0.394232
14.062500	3896.000000	3868.462392	0.441181
14.086914	3914.000000	3852.497775	0.983061
14.111328	3921.000000	3836.599103	1.347872
14.135742	3848.000000	3820.766102	0.439028
14.160156	3842.000000	3804.998502	0.596954
14.184570	3839.000000	3789.296032	0.802199
14.208984	3711.000000	3773.658424	-1.028570
14.233398	3807.000000	3758.085410	0.792770
14.257812	3735.000000	3742.576722	-0.123976
14.282227	3779.000000	3727.132095	0.843743
14.306641	3789.000000	3711.751264	1.254958
14.331055	3721.000000	3696.433967	0.402722
14.355469	3791.000000	3681.179940	1.783630
14.379883	3668.000000	3665.988922	0.033206
14.404297	3773.000000	3650.860652	1.988439
14.428711	3619.000000	3635.794873	-0.279179
14.453125	3630.000000	3620.791325	0.152842
14.477539	3603.000000	3605.849751	-0.047476
14.501953	3661.000000	3590.969896	1.157404
14.526367	3674.000000	3576.151504	1.614301
14.550781	3575.000000	3561.394322	0.227553
14.575195	3724.000000	3546.698097	2.905418
14.599609	3625.000000	3532.062577	1.543607
14.624023	3636.000000	3517.487511	1.965406
14.648437	3470.000000	3502.972650	-0.559744
14.672852	3557.000000	3488.517744	1.148249
14.697266	3559.000000	3474.122547	1.422749
14.721680	3551.000000	3459.786811	1.530673
14.746094	3420.000000	3445.510291	-0.436217
14.770508	3544.000000	3431.292743	1.893237
14.794922	3453.000000	3417.133922	0.610359
14.819336	3487.000000	3403.033587	1.421935
14.843750	3478.000000	3388.991495	1.509269
14.868164	3514.000000	3375.007406	2.344719
14.892578	3457.000000	3361.081080	1.631378
14.916992	3398.000000	3347.212280	0.871259
14.941406	3305.000000	3333.400766	-0.494020
14.965820	3369.000000	3319.646303	0.850294
14.990234	3404.000000	3305.948655	1.680578
15.014648	3382.000000	3292.307588	1.542300
15.039062	3295.000000	3278.722866	0.283563
15.063477	3318.000000	3265.194259	0.916733
15.087891	3347.000000	3251.721534	1.646899
15.112305	3323.000000	3238.304459	1.469249
15.136719	3354.000000	3224.942806	2.228439
15.161133	3306.000000	3211.636346	1.641169
15.185547	3314.000000	3198.384849	2.008346
15.209961	3240.000000	3185.188090	0.962947
15.234375	3316.000000	3172.045843	2.499867
15.258789	3324.000000	3158.957881	2.862624
15.283203	3190.000000	3145.923981	0.780382
15.307617	3183.000000	3132.943920	0.887235
15.332031	3233.000000	3120.017475	1.987048
15.356445	3064.000000	3107.144424	-0.779436
15.380859	3164.000000	3094.324548	1.238687
15.405273	3188.000000	3081.557626	1.885191
15.429687	3064.000000	3068.843440	-0.087500
15.454102	3097.000000	3056.181771	0.733472
15.478516	3053.000000	3043.572404	0.170623
15.502930	3067.000000	3031.015122	0.649775
15.527344	3034.000000	3018.509709	0.281224
15.551758	3053.000000	3006.055952	0.849605
15.576172	3007.000000	2993.653637	0.243386
15.600586	2981.000000	2981.302552	-0.005541
15.625000	2967.000000	2969.002484	-0.036763
15.649414	2989.000000	2956.753224	0.589825
15.673828	2952.000000	2944.554562	0.137035
15.698242	2954.000000	2932.406288	0.397303
15.722656	3059.000000	2920.308194	2.507616
15.747070	2967.000000	2908.260073	1.078387
15.771484	2910.000000	2896.261719	0.254675
15.795898	2967.000000	2884.312926	1.518025
15.820312	2916.000000	2872.413490	0.807158
15.844727	2976.000000	2860.563205	2.116059
15.869141	2922.000000	2848.761870	1.354868
15.893555	2912.000000	2837.009283	1.389670
15.917969	2906.000000	2825.305241	1.496916
15.942383	2782.000000	2813.649544	-0.600052
15.966797	2884.000000	2802.041994	1.526138
15.991211	2936.000000	2790.482390	2.685577
16.015625	2774.000000	2778.970534	-0.094373
16.040039	2900.000000	2767.506230	2.460348
16.064453	2859.000000	2756.089282	1.924658
16.088867	2744.000000	2744.719492	-0.013735
16.113281	2780.000000	2733.396668	0.883883
16.137695	2793.000000	2722.120614	1.341172
16.162109	2778.000000	2710.891137	1.273250
16.186523	2723.000000	2699.708046	0.446357
16.210937	2695.000000	2688.571148	0.123838
16.235352	2734.000000	2677.480252	1.080938
16.259766	2788.000000	2666.435170	2.302298
16.284180	2736.000000	2655.435710	1.540226
16.308594	2706.000000	2644.481686	1.182607
16.333008	2633.000000	2633.572909	-0.011165
16.357422	2702.000000	2622.709192	1.525387
16.381836	2677.000000	2611.890350	1.258407
16.406250	2643.000000	2601.116196	0.814700
16.430664	2647.000000	2590.386547	1.100380
16.455078	2678.000000	2579.701218	1.899516
16.479492	2683.000000	2569.060027	2.199712
16.503906	2572.000000	2558.462790	0.266928
16.528320	2607.000000	2547.909328	1.157307
16.552734	2613.000000	2537.399458	1.478956
16.577148	2575.000000	2526.933000	0.947236
16.601562	2515.000000	2516.509776	-0.030105
16.625977	2578.000000	2506.129606	1.415496
16.650391	2599.000000	2495.792314	2.024459
16.674805	2581.000000	2485.497721	1.879835
16.699219	2551.000000	2475.245652	1.499866
16.723633	2583.000000	2465.035930	2.321066
16.748047	2595.000000	2454.868381	2.750853
16.772461	2431.000000	2444.742831	-0.278730
16.796875	2511.000000	2434.659106	1.523470
16.821289	2508.000000	2424.617033	1.664997
16.845703	2475.000000	2414.616440	1.213755
16.870117	2524.000000	2404.657157	2.375482
16.894531	2524.000000	2394.739012	2.572899
16.918945	2506.000000	2384.861835	2.419861
16.943359	2465.000000	2375.025458	1.812221
16.967773	2424.000000	2365.229711	1.193690
16.992187	2436.000000	2355.474427	1.631530
17.016602	2511.000000	2345.759439	3.297565
17.041016	2379.000000	2336.084580	0.879865
17.065430	2335.000000	2326.449684	0.176945
17.089844	2471.000000	2316.854587	3.100946
17.114258	2353.000000	2307.299124	0.942136
17.138672	2347.000000	2297.783131	1.015915
17.163086	2366.000000	2288.306446	1.597267
17.187500	2388.000000	2278.868905	2.233219
17.211914	2330.000000	2269.470347	1.253979
17.236328	2340.000000	2260.110612	1.651510
17.260742	2254.000000	2250.789539	0.067622
17.285156	2381.000000	2241.506967	2.858728
17.309570	2306.000000	2232.262739	1.535527
17.333984	2329.000000	2223.056696	2.195274
17.358398	2355.000000	2213.888679	2.907813
17.382812	2280.000000	2204.758532	1.575759
17.407227	2300.000000	2195.666099	2.175512
17.431641	2240.000000	2186.611224	1.128044
17.456055	2301.000000	2177.593751	2.572639
17.480469	2278.000000	2168.613526	2.291853
17.504883	2141.000000	2159.670395	-0.403502
17.529297	2245.000000	2150.764206	1.988876
17.553711	2167.000000	2141.894804	0.539305
17.578125	2215.000000	2133.062039	1.740998
17.602539	2179.000000	2124.265759	1.172548
17.626953	2142.000000	2115.505814	0.572454
17.651367	2228.000000	2106.782053	2.568085
17.675781	2083.000000	2098.094326	-0.330727
17.700195	2234.000000	2089.442486	3.058434
17.724609	2170.000000	2080.826384	1.914285
17.749023	2135.000000	2072.245871	1.358136
17.773437	2171.000000	2063.700802	2.302855
17.797852	2120.000000	2055.191029	1.407561
17.822266	2188.000000	2046.716407	3.020425
17.846680	2057.000000	2038.276791	0.412822
17.871094	2081.000000	2029.872037	1.120785
17.895508	2087.000000	2021.501999	1.433728
17.919922	2100.000000	2013.166535	1.894862
17.944336	2080.000000	2004.865502	1.647433
17.968750	2028.000000	1996.598757	0.697289
17.993164	2038.000000	1988.366160	1.099451
18.017578	1983.000000	1980.167569	0.063606
18.041992	2017.000000	1972.002843	1.001918
18.066406	2024.000000	1963.871843	1.336511
18.090820	1968.000000	1955.774429	0.275586
18.115234	2016.000000	1947.710463	1.520929
18.139648	1998.000000	1939.679806	1.304732
18.164062	1953.000000	1931.682321	0.482379
18.188477	1983.000000	1923.717871	1.331259
18.212891	1975.000000	1915.786319	1.332412
18.237305	1939.000000	1907.887530	0.706554
18.261719	1869.000000	1900.021368	-0.717557
18.286133	1936.000000	1892.187699	0.995734
18.310547	1914.000000	1884.386387	0.676894
18.334961	1970.000000	1876.617300	2.103940
18.359375	1834.000000	1868.880305	-0.814480
18.383789	1930.000000	1861.175268	1.566628
18.408203	1849.000000	1853.502058	-0.104699
18.432617	1923.000000	1845.860544	1.759085
18.457031	1847.000000	1838.250593	0.203585
18.481445	1972.000000	1830.672077	3.182545
18.505859	1833.000000	1823.124866	0.230654
18.530273	1874.000000	1815.608829	1.348846
18.554687	1815.000000	1808.123838	0.161402
18.579102	1812.000000	1800.669765	0.266170
18.603516	1803.000000	1793.246483	0.229701
18.627930	1790.000000	1785.853863	0.097998
18.652344	1842.000000	1778.491780	1.479739
18.676758	1777.000000	1771.160107	0.138536
18.701172	1741.000000	1763.858718	-0.547838
18.725586	1836.000000	1756.587489	1.853329
18.750000	1723.000000	1749.346295	-0.634712
18.774414	1784.000000	1742.135012	0.991182
18.798828	1692.000000	1734.953516	-1.044236
18.823242	1777.000000	1727.801685	1.167096
18.847656	1768.000000	1720.679395	1.125406
18.872070	1675.000000	1713.586525	-0.942819
18.896484	1767.000000	1706.522953	1.438707
18.920898	1763.000000	1699.488558	1.512606
18.945312	1696.000000	1692.483220	0.085395
18.969727	1811.000000	1685.506818	2.948906
18.994141	1752.000000	1678.559234	1.754568
19.018555	1709.000000	1671.640348	0.903716
19.042969	1719.000000	1664.750041	1.308463
19.067383	1680.000000	1657.888195	0.539473
19.091797	1676.000000	1651.054694	0.609329
19.116211	1619.000000	1644.249419	-0.627521
19.140625	1670.000000	1637.472255	0.795968
19.165039	1638.000000	1630.723085	0.179800
19.189453	1660.000000	1624.001793	0.883541
19.213867	1597.000000	1617.308264	-0.508183
19.238281	1571.000000	1610.642385	-1.000165
19.262695	1602.000000	1604.004039	-0.050070
19.287109	1540.000000	1597.393114	-1.462512
19.311523	1667.000000	1590.809497	1.866092
19.335937	1646.000000	1584.253075	1.521950
19.360352	1564.000000	1577.723734	-0.347020
19.384766	1559.000000	1571.221364	-0.309526
19.409180	1573.000000	1564.745854	0.208117
19.433594	1573.000000	1558.297091	0.370714
19.458008	1578.000000	1551.874966	0.657663
19.482422	1644.000000	1545.479368	2.429832
19.506836	1604.000000	1539.110188	1.620221
19.531250	1561.000000	1532.767318	0.714580
19.555664	1515.000000	1526.450647	-0.294187
19.580078	1554.000000	1520.160069	0.858428
19.604492	1503.000000	1513.895474	-0.281039
19.628906	1480.000000	1507.656757	-0.718903
19.653320	1590.000000	1501.443809	2.220856
19.677734	1575.000000	1495.256526	2.009347
19.702148	1575.000000	1489.094799	2.164608
19.726562	1539.000000	1482.958525	1.428533
19.750977	1543.000000	1476.847597	1.684080
19.775391	1528.000000	1470.761911	1.464278
19.799805	1575.000000	1464.701364	2.779264
19.824219	1500.000000	1458.665850	1.067243
19.848633	1496.000000	1452.655267	1.120651
19.873047	1476.000000	1446.669512	0.763442
19.897461	1495.000000	1440.708481	1.404143
19.921875	1523.000000	1434.772074	2.260769
19.946289	1457.000000	1428.860188	0.737210
19.970703	1415.000000	1422.972722	-0.211948
19.995117	1503.000000	1417.109575	2.215467
20.019531	1419.000000	1411.270646	0.205188
20.043945	1419.000000	1405.455836	0.359551
20.068359	1393.000000	1399.665045	-0.178578
20.092773	1499.000000	1393.898174	2.714623
20.117187	1384.000000	1388.155124	-0.111690
20.141602	1434.000000	1382.435796	1.361676
20.166016	1428.000000	1376.740093	1.356481
20.190430	1440.000000	1371.067917	1.816520
20.214844	1474.000000	1365.419171	2.828163
20.239258	1391.000000	1359.793757	0.836716
20.263672	1471.000000	1354.191580	3.045565
20.288086	1346.000000	1348.612544	-0.071210
20.312500	1404.000000	1343.056553	1.626460
20.336914	1403.000000	1337.523512	1.748061
20.361328	1370.000000	1332.013326	1.026292
20.385742	1427.000000	1326.525901	2.659758
20.410156	1356.000000	1321.061142	0.948809
20.434570	1393.000000	1315.618956	2.073285
20.458984	1399.000000	1310.199251	2.374148
20.483398	1400.000000	1304.801932	2.544275
20.507812	1340.000000	1299.426907	1.108372
20.532227	1353.000000	1294.074085	1.601981
20.556641	1411.000000	1288.743373	3.254685
20.581055	1363.000000	1283.434681	2.155142
20.605469	1361.000000	1278.147917	2.245817
20.629883	1334.000000	1272.882991	1.673340
20.654297	1298.000000	1267.639813	0.842689
20.678711	1377.000000	1262.418292	3.087794
20.703125	1325.000000	1257.218340	1.862105
20.727539	1354.000000	1252.039866	2.770901
20.751953	1303.000000	1246.882784	1.554619
20.776367	1275.000000	1241.747003	0.931270
20.800781	1361.000000	1236.635129	3.371077
20.825195	1335.000000	1231.523340	2.832056
20.849609	1283.000000	1226.422149	1.579549
20.874023	1279.000000	1221.352546	1.611925
20.898437	1263.000000	1216.303883	1.313951
20.922852	1258.000000	1211.307622	1.316454
20.947266	1343.000000	1206.321483	3.729600
20.971680	1311.000000	1201.345424	3.028485
20.996094	1289.000000	1196.410952	2.578892
21.020508	1300.000000	1191.475830	3.009919
21.044922	1285.000000	1186.592641	2.745213
21.069336	1205.000000	1181.719107	0.670666
21.093750	1188.000000	1176.834156	0.323954
21.118164	1226.000000	1171.958868	1.543403
21.142578	1273.000000	1167.124749	2.967428
21.166992	1257.000000	1162.321114	2.670456
21.191406	1262.000000	1157.516290	2.941162
21.215820	1158.000000	1152.752345	0.154209
21.240234	1222.000000	1148.018593	2.116348
