Name des Datensatzes:	BLOCK 2
Wiederholrate [ns]:	19.580
Zeit Shift [ns] (fest):	0.000
Offset (fest):	3.549

Komponente 1
tau [ns]:	5.307580
A:	0.230599
%:	100.000000
f:	1.000000

t_irf	irf	t	daten	fit	res
[ns]	counts (offset korrigiert)	[ns]			counts 
1.220703	-0.256098	1.684570	706.000000	665.321523	1.530955
1.245117	1.743902	1.708984	670.000000	662.224847	0.300380
1.269531	2.743902	1.733398	692.000000	658.909607	1.257908
1.293945	1.743902	1.757812	688.000000	655.376806	1.243748
1.318359	1.743902	1.782227	711.000000	652.092993	2.209185
1.342773	-1.256098	1.806641	701.000000	649.522578	1.944275
1.367187	-0.256098	1.831055	727.000000	646.731184	2.977006
1.391602	0.743902	1.855469	670.000000	643.254273	1.033278
1.416016	-1.256098	1.879883	686.000000	640.724422	1.728630
1.440430	0.743902	1.904297	662.000000	637.507853	0.951914
1.464844	-2.256098	1.928711	714.000000	635.004374	2.956337
1.489258	-1.256098	1.953125	652.000000	632.745159	0.754078
1.513672	1.743902	1.977539	637.000000	629.565210	0.294577
1.538086	2.743902	2.001953	667.000000	626.167078	1.581057
1.562500	0.743902	2.026367	676.000000	624.181197	1.993031
1.586914	-0.256098	2.050781	634.000000	621.273325	0.505441
1.611328	1.743902	2.075195	625.000000	618.378799	0.264848
1.635742	-0.256098	2.099609	636.000000	615.730333	0.803745
1.660156	-1.256098	2.124023	668.000000	613.326797	2.115370
1.684570	-0.256098	2.148437	622.000000	609.770412	0.490362
1.708984	-0.256098	2.172852	663.000000	606.695900	2.186670
1.733398	-1.256098	2.197266	662.000000	603.402723	2.277448
1.757812	-2.256098	2.221680	650.000000	600.822986	1.928881
1.782227	-1.256098	2.246094	639.000000	597.556760	1.639469
1.806641	1.743902	2.270508	615.000000	595.469404	0.787550
1.831055	0.743902	2.294922	708.000000	592.926075	4.324743
1.855469	-2.256098	2.319336	629.000000	590.627194	1.530024
1.879883	1.743902	2.343750	635.000000	588.338863	1.851691
1.904297	-1.256098	2.368164	665.000000	585.828258	3.070148
1.928711	1.743902	2.392578	626.000000	584.493055	1.658951
1.953125	2.743902	2.416992	657.000000	583.862306	2.853373
1.977539	-1.256098	2.441406	688.000000	584.398330	3.949777
2.001953	-2.256098	2.465820	651.000000	586.561325	2.525551
2.026367	3.743902	2.490234	627.000000	592.438807	1.380241
2.050781	-0.256098	2.514648	670.000000	598.754866	2.752440
2.075195	-0.256098	2.539062	660.000000	610.395782	1.930842
2.099609	0.743902	2.563477	666.000000	628.500997	1.453057
2.124023	1.743902	2.587891	726.000000	646.057570	2.966942
2.148437	-3.256098	2.612305	671.000000	668.887414	0.081555
2.172852	-1.256098	2.636719	756.000000	696.035225	2.180898
2.197266	-2.256098	2.661133	741.000000	748.663783	-0.281536
2.221680	0.743902	2.685547	850.000000	842.950455	0.241797
2.246094	-2.256098	2.709961	989.000000	1020.836477	-1.012341
2.270508	2.743902	2.734375	1168.000000	1313.828470	-4.266983
2.294922	0.743902	2.758789	1621.000000	1805.663014	-4.586574
2.319336	1.743902	2.783203	2254.000000	2541.982719	-6.065819
2.343750	1.743902	2.807617	3157.000000	3531.674934	-6.668334
2.368164	0.743902	2.832031	4425.000000	4757.049779	-4.991678
2.392578	5.743902	2.856445	5989.000000	6168.841052	-2.323869
2.416992	8.743902	2.880859	7573.000000	7647.477584	-0.855838
2.441406	13.743902	2.905273	9543.000000	9129.337590	4.234514
2.465820	20.743902	2.929687	11171.000000	10607.423005	5.332210
2.490234	36.743902	2.954102	12508.000000	11937.197387	5.103781
2.514648	38.743902	2.978516	13951.000000	13115.849742	7.070692
2.539062	61.743902	3.002930	15360.000000	14171.308379	9.591214
2.563477	89.743902	3.027344	16064.000000	15059.212943	7.927700
2.587891	87.743902	3.051758	16870.000000	15843.880176	7.900245
2.612305	110.743902	3.076172	17695.000000	16487.375858	9.078341
2.636719	129.743902	3.100586	18108.000000	16991.977298	8.293499
2.661133	239.743902	3.125000	18528.000000	17397.195476	8.307556
2.685547	419.743902	3.149414	18799.000000	17688.821616	8.097023
2.709961	780.743902	3.173828	19203.000000	17908.112786	9.344314
2.734375	1278.743902	3.198242	19035.000000	18070.065827	6.993929
2.758789	2138.743902	3.222656	19101.000000	18176.573310	6.688742
2.783203	3198.743902	3.247070	19539.000000	18232.777982	9.344710
2.807617	4301.743902	3.271484	19240.000000	18254.739450	7.103110
2.832031	5333.743902	3.295898	19059.000000	18256.115862	5.815711
2.856445	6158.743902	3.320312	19011.000000	18249.571580	5.522384
2.880859	6473.743902	3.344727	19122.000000	18229.323561	6.455463
2.905273	6516.743902	3.369141	19001.000000	18192.874160	5.862607
2.929687	6529.743902	3.393555	18803.000000	18147.048229	4.783638
2.954102	5921.743902	3.417969	18834.000000	18098.872073	5.356630
2.978516	5298.743902	3.442383	18791.000000	18047.658150	5.422676
3.002930	4792.743902	3.466797	18734.000000	17994.351504	5.403935
3.027344	4093.743902	3.491211	18641.000000	17939.892843	5.135111
3.051758	3667.743902	3.515625	18391.000000	17881.726921	3.755329
3.076172	3076.743902	3.540039	18347.000000	17819.405198	3.895094
3.100586	2492.743902	3.564453	18212.000000	17760.162796	3.348137
3.125000	2075.743902	3.588867	18010.000000	17697.700638	2.327096
3.149414	1595.743902	3.613281	17994.000000	17638.318447	2.651536
3.173828	1290.743902	3.637695	17903.000000	17572.691055	2.468638
3.198242	1048.743902	3.662109	17819.000000	17513.882567	2.285732
3.222656	813.743902	3.686523	17881.000000	17452.783436	3.202341
3.247070	599.743902	3.710937	17656.000000	17389.171396	2.008104
3.271484	453.743902	3.735352	17637.000000	17327.015168	2.334146
3.295898	365.743902	3.759766	17308.000000	17267.006400	0.311597
3.320312	331.743902	3.784180	17599.000000	17209.135235	2.938800
3.344727	272.743902	3.808594	17446.000000	17146.175814	2.269963
3.369141	202.743902	3.833008	17429.000000	17086.065866	2.597613
3.393555	161.743902	3.857422	17351.000000	17030.421744	2.433727
3.417969	150.743902	3.881836	17108.000000	16973.403557	1.029044
3.442383	136.743902	3.906250	17118.000000	16917.578147	1.531858
3.466797	126.743902	3.930664	16744.000000	16870.156088	-0.974942
3.491211	120.743902	3.955078	16875.000000	16819.227249	0.429339
3.515625	103.743902	3.979492	16899.000000	16768.532138	1.003629
3.540039	84.743902	4.003906	16853.000000	16718.768008	1.033993
3.564453	96.743902	4.028320	16710.000000	16666.438951	0.336985
3.588867	81.743902	4.052734	16756.000000	16611.556737	1.115866
3.613281	93.743902	4.077148	16859.000000	16554.598635	2.344394
3.637695	65.743902	4.101562	16524.000000	16499.996912	0.186728
3.662109	93.743902	4.125977	16459.000000	16442.852463	0.125865
3.686523	82.743902	4.150391	16166.000000	16381.547526	-1.695281
3.710937	70.743902	4.174805	16106.000000	16319.127280	-1.679365
3.735352	75.743902	4.199219	16309.000000	16257.691826	0.401766
3.759766	83.743902	4.223633	16070.000000	16195.839990	-0.992683
3.784180	91.743902	4.248047	16089.000000	16128.685390	-0.312872
3.808594	68.743902	4.272461	15958.000000	16063.468412	-0.834898
3.833008	79.743902	4.296875	15979.000000	15998.783509	-0.156505
3.857422	97.743902	4.321289	16075.000000	15931.834930	1.129176
3.881836	90.743902	4.345703	16048.000000	15862.400288	1.465099
3.906250	94.743902	4.370117	15910.000000	15794.448180	0.916098
3.930664	129.743902	4.394531	15690.000000	15729.834009	-0.318011
3.955078	113.743902	4.418945	15613.000000	15661.093631	-0.384897
3.979492	113.743902	4.443359	15536.000000	15594.530928	-0.469587
4.003906	116.743902	4.467773	15572.000000	15526.644270	0.363463
4.028320	104.743902	4.492187	15467.000000	15458.370836	0.069385
4.052734	92.743902	4.516602	15162.000000	15390.643504	-1.856866
4.077148	82.743902	4.541016	15114.000000	15324.856422	-1.715130
4.101562	91.743902	4.565430	15148.000000	15257.974601	-0.893542
4.125977	79.743902	4.589844	15001.000000	15191.865272	-1.558356
4.150391	60.743902	4.614258	14816.000000	15125.593785	-2.543471
4.174805	54.743902	4.638672	14974.000000	15060.557541	-0.707353
4.199219	57.743902	4.663086	14688.000000	14994.423111	-2.528367
4.223633	54.743902	4.687500	14417.000000	14930.687174	-4.278202
4.248047	30.743902	4.711914	14718.000000	14866.312635	-1.222514
4.272461	37.743902	4.736328	14544.000000	14802.233530	-2.141266
4.296875	38.743902	4.760742	14730.000000	14735.887969	-0.048514
4.321289	27.743902	4.785156	14581.000000	14672.640195	-0.758914
4.345703	15.743902	4.809570	14400.000000	14606.889374	-1.724078
4.370117	20.743902	4.833984	14040.000000	14542.138630	-4.237796
4.394531	33.743902	4.858398	14122.000000	14478.150597	-2.996992
4.418945	14.743902	4.882812	14084.000000	14413.757895	-2.778639
4.443359	22.743902	4.907227	14038.000000	14350.359038	-2.636340
4.467773	15.743902	4.931641	14132.000000	14287.949463	-1.311844
4.492187	12.743902	4.956055	13911.000000	14224.196874	-2.655451
4.516602	13.743902	4.980469	13952.000000	14160.969638	-1.769151
4.541016	20.743902	5.004883	13692.000000	14098.265347	-3.471973
4.565430	14.743902	5.029297	13713.000000	14036.081599	-2.758964
4.589844	16.743902	5.053711	13646.000000	13973.950454	-2.807408
4.614258	14.743902	5.078125	13595.000000	13911.871671	-2.717652
4.638672	18.743902	5.102539	13549.000000	13851.241664	-2.596574
4.663086	12.743902	5.126953	13375.000000	13789.260475	-3.582008
4.687500	21.743902	5.151367	13467.000000	13727.563735	-2.245322
4.711914	17.743902	5.175781	13229.000000	13666.615691	-3.804778
4.736328	17.743902	5.200195	13128.000000	13606.412906	-4.175453
4.760742	6.743902	5.224609	13070.000000	13546.020858	-4.163784
4.785156	18.743902	5.249023	13088.000000	13485.905965	-3.478114
4.809570	6.743902	5.273437	13226.000000	13427.929164	-1.755839
4.833984	9.743902	5.297852	12969.000000	13367.192349	-3.496549
4.858398	11.743902	5.322266	12909.000000	13307.665376	-3.508829
4.882812	8.743902	5.346680	12943.000000	13248.411589	-2.684529
4.907227	11.743902	5.371094	12858.000000	13191.757492	-2.943366
4.931641	14.743902	5.395508	12451.000000	13133.035640	-6.112304
4.956055	7.743902	5.419922	12658.000000	13075.281606	-3.708913
4.980469	8.743902	5.444336	12416.000000	13015.464864	-5.379884
5.004883	9.743902	5.468750	12562.000000	12958.483172	-3.537491
5.029297	10.743902	5.493164	12581.000000	12900.133554	-2.845214
5.053711	9.743902	5.517578	12191.000000	12842.284495	-5.898629
5.078125	8.743902	5.541992	12390.000000	12784.002595	-3.539675
5.102539	13.743902	5.566406	12283.000000	12726.220943	-3.999153
5.126953	6.743902	5.590820	12258.000000	12668.704467	-3.709536
5.151367	6.743902	5.615234	12129.000000	12612.848605	-4.393362
5.175781	8.743902	5.639648	11945.000000	12555.852427	-5.589117
5.200195	10.743902	5.664062	11996.000000	12498.885045	-4.591457
5.224609	8.743902	5.688477	11974.000000	12441.946327	-4.276381
5.249023	8.743902	5.712891	11981.000000	12386.200020	-3.701885
5.273437	16.743902	5.737305	11959.000000	12329.545669	-3.388397
5.297852	3.743902	5.761719	11869.000000	12274.082425	-3.718231
5.322266	7.743902	5.786133	11712.000000	12219.572045	-4.690101
5.346680	7.743902	5.810547	11711.000000	12165.777380	-4.202443
5.371094	17.743902	5.834961	11537.000000	12111.764042	-5.351101
5.395508	7.743902	5.859375	11508.000000	12056.834708	-5.116131
5.419922	10.743902	5.883789	11494.000000	12002.623012	-4.744172
5.444336	0.743902	5.908203	11617.000000	11949.358437	-3.083612
5.468750	11.743902	5.932617	11468.000000	11894.708877	-3.984628
5.493164	4.743902	5.957031	11613.000000	11839.844568	-2.105020
5.517578	5.743902	5.981445	11408.000000	11786.628701	-3.544939
5.541992	2.743902	6.005859	11231.000000	11732.493179	-4.732121
5.566406	3.743902	6.030273	11390.000000	11680.002754	-2.717317
5.590820	3.743902	6.054687	11282.000000	11628.917102	-3.266124
5.615234	9.743902	6.079102	11326.000000	11576.669242	-2.355390
5.639648	3.743902	6.103516	10969.000000	11525.359490	-5.312170
5.664062	2.743902	6.127930	11078.000000	11473.354109	-3.756259
5.688477	1.743902	6.152344	10977.000000	11421.820172	-4.245635
5.712891	5.743902	6.176758	11066.000000	11370.988290	-2.899264
5.737305	0.743902	6.201172	10912.000000	11320.622466	-3.911741
5.761719	4.743902	6.225586	10795.000000	11269.556682	-4.567481
5.786133	7.743902	6.250000	11007.000000	11219.656357	-2.026954
5.810547	9.743902	6.274414	10864.000000	11168.588383	-2.922257
5.834961	7.743902	6.298828	10797.000000	11117.521999	-3.084653
5.859375	2.743902	6.323242	10847.000000	11067.155526	-2.113853
5.883789	4.743902	6.347656	10819.000000	11018.416852	-1.917204
5.908203	7.743902	6.372070	10571.000000	10968.505200	-3.866204
5.932617	0.743902	6.396484	10691.000000	10919.520934	-2.210125
5.957031	-1.256098	6.420898	10656.000000	10869.830368	-2.071440
5.981445	4.743902	6.445312	10490.000000	10820.833397	-3.230142
6.005859	-0.256098	6.469727	10241.000000	10772.061287	-5.247754
6.030273	5.743902	6.494141	10453.000000	10723.978558	-2.650418
6.054687	10.743902	6.518555	10330.000000	10675.650943	-3.400851
6.079102	4.743902	6.542969	10361.000000	10626.673627	-2.610043
6.103516	7.743902	6.567383	10211.000000	10577.921083	-3.631103
6.127930	3.743902	6.591797	10322.000000	10529.392277	-2.041318
6.152344	4.743902	6.616211	10200.000000	10481.086184	-2.783168
6.176758	6.743902	6.640625	10247.000000	10433.001781	-1.837464
6.201172	7.743902	6.665039	10272.000000	10385.138051	-1.116301
6.225586	3.743902	6.689453	10261.000000	10337.493982	-0.755149
6.250000	7.743902	6.713867	9980.000000	10290.068565	-3.103791
6.274414	1.743902	6.738281	10132.000000	10242.860796	-1.101363
6.298828	0.743902	6.762695	10093.000000	10195.869678	-1.023946
6.323242	2.743902	6.787109	9862.000000	10149.094215	-2.890959
6.347656	8.743902	6.811523	9890.000000	10102.533418	-2.137121
6.372070	2.743902	6.835937	9721.000000	10056.186302	-3.399623
6.396484	5.743902	6.860352	9919.000000	10010.051885	-0.914229
6.420898	1.743902	6.884766	9613.000000	9964.129193	-3.581273
6.445312	3.743902	6.909180	9805.000000	9918.417253	-1.145395
6.469727	3.743902	6.933594	9677.000000	9872.915099	-1.991579
6.494141	5.743902	6.958008	9792.000000	9827.621766	-0.359981
6.518555	3.743902	6.982422	9599.000000	9782.536298	-1.873307
7.006836	9623.000000	9737.657740	-1.168821
7.031250	9558.000000	9692.985142	-1.380710
7.055664	9553.000000	9648.517559	-0.977267
7.080078	9375.000000	9604.254051	-2.367726
7.104492	9452.000000	9560.193681	-1.112859
7.128906	9372.000000	9516.335516	-1.490929
7.153320	9518.000000	9472.678629	0.464548
7.177734	9274.000000	9429.222096	-1.611833
7.202148	9272.000000	9385.964997	-1.183545
7.226562	9296.000000	9342.906418	-0.486502
7.250977	9180.000000	9300.045446	-1.252923
7.275391	9179.000000	9257.381176	-0.818114
7.299805	9046.000000	9214.912704	-1.775963
7.324219	9052.000000	9172.639132	-1.267990
7.348633	9058.000000	9130.559565	-0.762392
7.373047	8921.000000	9088.673114	-1.775238
7.397461	8830.000000	9046.978892	-2.309070
7.421875	8970.000000	9005.476016	-0.374575
7.446289	8784.000000	8964.163608	-1.922299
7.470703	8806.000000	8923.040796	-1.247234
7.495117	8842.000000	8882.106707	-0.426522
7.519531	8767.000000	8841.360477	-0.794176
7.543945	8481.000000	8800.801242	-3.472615
7.568359	8807.000000	8760.428146	0.496260
7.592773	8624.000000	8720.240333	-1.036341
7.617187	8610.000000	8680.236953	-0.756945
7.641602	8483.000000	8640.417161	-1.709139
7.666016	8407.000000	8600.780113	-2.113434
7.690430	8506.000000	8561.324970	-0.599872
7.714844	8427.000000	8522.050898	-1.035428
7.739258	8418.000000	8482.957067	-0.707982
7.763672	8481.000000	8444.042648	0.401308
7.788086	8210.000000	8405.306818	-2.155489
7.812500	8277.000000	8366.748758	-0.986488
7.836914	8066.000000	8328.367652	-2.921334
7.861328	8292.000000	8290.162688	0.020177
7.885742	8233.000000	8252.133057	-0.210865
7.910156	8123.000000	8214.277955	-1.012763
7.934570	8113.000000	8176.596581	-0.706062
7.958984	8045.000000	8139.088138	-1.048991
7.983398	8272.000000	8101.751831	1.871876
8.007812	8117.000000	8064.586872	0.581758
8.032227	8014.000000	8027.592473	-0.151836
8.056641	7969.000000	7990.767852	-0.243845
8.081055	7718.000000	7954.112229	-2.687609
8.105469	7844.000000	7917.624830	-0.831296
8.129883	7634.000000	7881.304881	-2.830457
8.154297	7839.000000	7845.151616	-0.069480
8.178711	7631.000000	7809.164268	-2.039529
8.203125	7727.000000	7773.342076	-0.527193
8.227539	7644.000000	7737.684282	-1.071535
8.251953	7481.000000	7702.190132	-2.557325
8.276367	7573.000000	7666.858875	-1.078553
8.300781	7537.000000	7631.689763	-1.090696
8.325195	7670.000000	7596.682052	0.837168
8.349609	7513.000000	7561.835002	-0.563410
8.374023	7395.000000	7527.147874	-1.536707
8.398437	7474.000000	7492.619936	-0.215378
8.422852	7398.000000	7458.250456	-0.700492
8.447266	7474.000000	7424.038708	0.577906
8.471680	7356.000000	7389.983967	-0.396235
8.496094	7301.000000	7356.085513	-0.644683
8.520508	7342.000000	7322.342628	0.229413
8.544922	7168.000000	7288.754599	-1.426280
8.569336	7263.000000	7255.320716	0.090108
8.593750	7192.000000	7222.040270	-0.354225
8.618164	7152.000000	7188.912557	-0.436476
8.642578	7080.000000	7155.936877	-0.902477
8.666992	7124.000000	7123.112532	0.010515
8.691406	7034.000000	7090.438827	-0.672941
8.715820	7000.000000	7057.915070	-0.692217
8.740234	7035.000000	7025.540575	0.112780
8.764648	7083.000000	6993.314655	1.065646
8.789062	7056.000000	6961.236630	1.128135
8.813477	6953.000000	6929.305819	0.284155
8.837891	6925.000000	6897.521549	0.330204
8.862305	6740.000000	6865.883145	-1.533337
8.886719	6710.000000	6834.389939	-1.518532
8.911133	6836.000000	6803.041264	0.398630
8.935547	6678.000000	6771.836457	-1.148282
8.959961	6742.000000	6740.774858	0.014921
8.984375	6723.000000	6709.855809	0.160307
9.008789	6702.000000	6679.078657	0.279987
9.033203	6794.000000	6648.442750	1.765920
9.057617	6485.000000	6617.947440	-1.650916
9.082031	6559.000000	6587.592081	-0.353042
9.106445	6536.000000	6557.376032	-0.264406
9.130859	6541.000000	6527.298653	0.169411
9.155273	6578.000000	6497.359307	0.994277
9.179687	6619.000000	6467.557362	1.861453
9.204102	6367.000000	6437.892187	-0.888446
9.228516	6178.000000	6408.363153	-2.930819
9.252930	6424.000000	6378.969636	0.561827
9.277344	6317.000000	6349.711015	-0.411565
9.301758	6221.000000	6320.586670	-1.262615
9.326172	6312.000000	6291.595985	0.256822
9.350586	6276.000000	6262.738346	0.167400
9.375000	6344.000000	6234.013143	1.380890
9.399414	6231.000000	6205.419768	0.324060
9.423828	6176.000000	6176.957617	-0.012185
9.448242	6225.000000	6148.626086	0.968000
9.472656	6288.000000	6120.424577	2.113265
9.497070	6009.000000	6092.352492	-1.075270
9.521484	6206.000000	6064.409239	1.797335
9.545898	6154.000000	6036.594225	1.496617
9.570312	5998.000000	6008.906862	-0.140830
9.594727	5976.000000	5981.346564	-0.069162
9.619141	6102.000000	5953.912748	1.895752
9.643555	5954.000000	5926.604834	0.355034
9.667969	6034.000000	5899.422244	1.732490
9.692383	5905.000000	5872.364402	0.424699
9.716797	6007.000000	5845.430736	2.084635
9.741211	5918.000000	5818.620677	1.291839
9.765625	5859.000000	5791.933656	0.876179
9.790039	5926.000000	5765.369110	2.086643
9.814453	5715.000000	5738.926477	-0.316498
9.838867	5700.000000	5712.605196	-0.166960
9.863281	5782.000000	5686.404711	1.257180
9.887695	5576.000000	5660.324467	-1.129256
9.912109	5705.000000	5634.363913	0.935188
9.936523	5686.000000	5608.522500	1.027477
9.960937	5539.000000	5582.799680	-0.588512
9.985352	5694.000000	5557.194909	1.812982
10.009766	5601.000000	5531.707646	0.925875
10.034180	5421.000000	5506.337351	-1.159043
10.058594	5575.000000	5481.083488	1.257823
10.083008	5582.000000	5455.945522	1.687188
10.107422	5405.000000	5430.922921	-0.352603
10.131836	5369.000000	5406.015156	-0.505165
10.156250	5508.000000	5381.221700	1.708236
10.180664	5407.000000	5356.542029	0.686201
10.205078	5294.000000	5331.975619	-0.521931
10.229492	5412.000000	5307.521951	1.420189
10.253906	5302.000000	5283.180509	0.258457
10.278320	5341.000000	5258.950776	1.122699
10.302734	5287.000000	5234.832240	0.717460
10.327148	5073.000000	5210.824391	-1.935057
10.351562	5292.000000	5186.926721	1.444383
10.375977	5294.000000	5163.138724	1.798536
10.400391	5025.000000	5139.459897	-1.614676
10.424805	5208.000000	5115.889739	1.276358
10.449219	5142.000000	5092.427751	0.691310
10.473633	5055.000000	5069.073437	-0.197943
10.498047	5171.000000	5045.826303	1.740708
10.522461	5145.000000	5022.685856	1.705234
10.546875	4981.000000	4999.651607	-0.264276
10.571289	4910.000000	4976.723069	-0.952216
10.595703	4979.000000	4953.899757	0.355719
10.620117	5007.000000	4931.181187	1.071490
10.644531	4973.000000	4908.566879	0.913692
10.668945	4872.000000	4886.056355	-0.201381
10.693359	4821.000000	4863.649138	-0.614245
10.717773	4827.000000	4841.344754	-0.206469
10.742187	4705.000000	4819.142731	-1.664058
10.766602	4863.000000	4797.042600	0.945826
10.791016	4759.000000	4775.043893	-0.232569
10.815430	4708.000000	4753.146143	-0.657964
10.839844	4738.000000	4731.348889	0.096627
10.864258	4729.000000	4709.651669	0.281358
10.888672	4673.000000	4688.054023	-0.220219
10.913086	4550.000000	4666.555495	-1.727934
10.937500	4548.000000	4645.155630	-1.440648
10.961914	4580.000000	4623.853975	-0.648002
10.986328	4545.000000	4602.650080	-0.855132
11.010742	4523.000000	4581.543495	-0.870493
11.035156	4475.000000	4560.533774	-1.278619
11.059570	4468.000000	4539.620473	-1.071471
11.083984	4435.000000	4518.803149	-1.258385
11.108398	4548.000000	4498.081361	0.740206
11.132812	4490.000000	4477.454672	0.187223
11.157227	4419.000000	4456.922645	-0.570475
11.181641	4439.000000	4436.484844	0.037750
11.206055	4339.000000	4416.140839	-1.171088
11.230469	4299.000000	4395.890198	-1.477734
11.254883	4254.000000	4375.732493	-1.866413
11.279297	4295.000000	4355.667298	-0.925706
11.303711	4364.000000	4335.694187	0.428483
11.328125	4323.000000	4315.812739	0.109313
11.352539	4208.000000	4296.022533	-1.356925
11.376953	4299.000000	4276.323149	0.345859
11.401367	4318.000000	4256.714171	0.932650
11.425781	4133.000000	4237.195185	-1.620746
11.450195	4156.000000	4217.765776	-0.958098
11.474609	4159.000000	4198.425535	-0.611340
11.499023	4148.000000	4179.174052	-0.484032
11.523437	4186.000000	4160.010919	0.401690
11.547852	4107.000000	4140.935732	-0.529535
11.572266	4035.000000	4121.948085	-1.368795
11.596680	4098.000000	4103.047579	-0.078849
11.621094	4110.000000	4084.233812	0.401910
11.645508	4069.000000	4065.506387	0.054769
11.669922	3931.000000	4046.864908	-1.847993
11.694336	4004.000000	4028.308979	-0.384167
11.718750	4068.000000	4009.838209	0.911900
11.743164	4053.000000	3991.452207	0.966772
11.767578	3872.000000	3973.150583	-1.625551
11.791992	3848.000000	3954.932951	-1.723828
11.816406	3882.000000	3936.798924	-0.879517
11.840820	3998.000000	3918.748120	1.253396
11.865234	3927.000000	3900.780156	0.418408
11.889648	3704.000000	3882.894652	-2.939422
11.914062	3861.000000	3865.091230	-0.065842
11.938477	3872.000000	3847.369513	0.395827
11.962891	3882.000000	3829.729126	0.838942
11.987305	3754.000000	3812.169695	-0.949401
12.011719	3743.000000	3794.690850	-0.844897
12.036133	3796.000000	3777.292220	0.303640
12.060547	3800.000000	3759.973438	0.649317
12.084961	3691.000000	3742.734136	-0.851540
12.109375	3749.000000	3725.573950	0.382597
12.133789	3752.000000	3708.492518	0.710285
12.158203	3685.000000	3691.489477	-0.106903
12.182617	3646.000000	3674.564467	-0.473062
12.207031	3630.000000	3657.717132	-0.460039
12.231445	3557.000000	3640.947113	-1.407550
12.255859	3592.000000	3624.254057	-0.538166
12.280273	3661.000000	3607.637610	0.881933
12.304687	3650.000000	3591.097421	0.974962
12.329102	3585.000000	3574.633140	0.173142
12.353516	3578.000000	3558.244417	0.330270
12.377930	3485.000000	3541.930907	-0.964377
12.402344	3474.000000	3525.692265	-0.877022
12.426758	3563.000000	3509.528146	0.895813
12.451172	3411.000000	3493.438209	-1.411522
12.475586	3397.000000	3477.422114	-1.379837
12.500000	3516.000000	3461.479521	0.919465
12.524414	3470.000000	3445.610092	0.414043
12.548828	3422.000000	3429.813494	-0.133569
12.573242	3375.000000	3414.089390	-0.672856
12.597656	3394.000000	3398.437449	-0.076169
12.622070	3365.000000	3382.857339	-0.307839
12.646484	3296.000000	3367.348730	-1.242775
12.670898	3456.000000	3351.911295	1.770585
12.695312	3214.000000	3336.544707	-2.161582
12.719727	3366.000000	3321.248640	0.771346
12.744141	3352.000000	3306.022771	0.794129
12.768555	3234.000000	3290.866779	-0.999974
12.792969	3305.000000	3275.780341	0.508264
12.817383	3370.000000	3260.763139	1.881717
12.841797	3222.000000	3245.814856	-0.419551
12.866211	3285.000000	3230.935174	0.943294
12.890625	3165.000000	3216.123780	-0.908733
12.915039	3205.000000	3201.380359	0.063937
12.939453	3146.000000	3186.704600	-0.725712
12.963867	3218.000000	3172.096192	0.809200
12.988281	3137.000000	3157.554827	-0.366992
13.012695	3123.000000	3143.080196	-0.359320
13.037109	3191.000000	3128.671993	1.103367
13.061523	3294.000000	3114.329913	3.130502
13.085937	3088.000000	3100.053654	-0.216910
13.110352	3199.000000	3085.842912	2.000666
13.134766	3036.000000	3071.697387	-0.647867
13.159180	3097.000000	3057.616780	0.707686
13.183594	3187.000000	3043.600793	2.540129
13.208008	3082.000000	3029.649130	0.942991
13.232422	3072.000000	3015.761494	1.014666
13.256836	2983.000000	3001.937593	-0.346735
13.281250	3047.000000	2988.177134	1.065639
13.305664	3005.000000	2974.479825	0.556756
13.330078	2896.000000	2960.845377	-1.204980
13.354492	3020.000000	2947.273502	1.323394
13.378906	2922.000000	2933.763912	-0.217626
13.403320	3015.000000	2920.316321	1.724374
13.427734	2882.000000	2906.930445	-0.464390
13.452148	3052.000000	2893.606000	2.867124
13.476562	2852.000000	2880.342706	-0.530721
13.500977	2835.000000	2867.140280	-0.603633
13.525391	2970.000000	2853.998444	2.128558
13.549805	2869.000000	2840.916920	0.524300
13.574219	2889.000000	2827.895430	1.136842
13.598633	2877.000000	2814.933700	1.157140
13.623047	2857.000000	2802.031455	1.028393
13.647461	2834.000000	2789.188422	0.841764
13.671875	2767.000000	2776.404329	-0.178782
13.696289	2777.000000	2763.678906	0.252785
13.720703	2740.000000	2751.011884	-0.210371
13.745117	2818.000000	2738.402994	1.499430
13.769531	2789.000000	2725.851970	1.195737
13.793945	2899.000000	2713.358546	3.447870
13.818359	2708.000000	2700.922458	0.136006
13.842773	2686.000000	2688.543443	-0.049076
13.867187	2741.000000	2676.221239	1.237309
13.891602	2725.000000	2663.955585	1.169399
13.916016	2708.000000	2651.746221	1.081004
13.940430	2687.000000	2639.592890	0.914555
13.964844	2661.000000	2627.495334	0.649506
13.989258	2653.000000	2615.453297	0.728959
14.013672	2753.000000	2603.466524	2.849937
14.038086	2725.000000	2591.534762	2.556730
14.062500	2573.000000	2579.657758	-0.131253
14.086914	2622.000000	2567.835261	1.057792
14.111328	2635.000000	2556.067021	1.537688
14.135742	2563.000000	2544.352789	0.368332
14.160156	2597.000000	2532.692317	1.261906
14.184570	2606.000000	2521.085358	1.663395
14.208984	2545.000000	2509.531666	0.703067
14.233398	2575.000000	2498.030998	1.516796
14.257812	2499.000000	2486.583110	0.248387
14.282227	2566.000000	2475.187759	1.792735
14.306641	2488.000000	2463.844705	0.484270
14.331055	2508.000000	2452.553707	1.107156
14.355469	2445.000000	2441.314527	0.074534
14.379883	2439.000000	2430.126926	0.179667
14.404297	2486.000000	2418.990669	1.343955
14.428711	2601.000000	2407.905519	3.786166
14.453125	2470.000000	2396.871242	1.471430
14.477539	2465.000000	2385.887605	1.593441
14.501953	2372.000000	2374.954374	-0.060661
14.526367	2465.000000	2364.071320	2.032854
14.550781	2458.000000	2353.238210	2.113061
14.575195	2403.000000	2342.454817	1.235102
14.599609	2373.000000	2331.720912	0.847386
14.624023	2360.000000	2321.036268	0.802056
14.648437	2336.000000	2310.400659	0.529654
14.672852	2390.000000	2299.813860	1.844764
14.697266	2381.000000	2289.275647	1.879771
14.721680	2356.000000	2278.785796	1.590778
14.746094	2318.000000	2268.344086	1.031369
14.770508	2283.000000	2257.950296	0.524264
14.794922	2316.000000	2247.604207	1.421216
14.819336	2260.000000	2237.305598	0.477380
14.843750	2385.000000	2227.054253	3.234177
14.868164	2267.000000	2216.849954	1.053284
14.892578	2186.000000	2206.692486	-0.442576
14.916992	2215.000000	2196.581633	0.391349
14.941406	2287.000000	2186.517181	2.101158
14.965820	2179.000000	2176.498919	0.053580
14.990234	2196.000000	2166.526633	0.628946
15.014648	2154.000000	2156.600112	-0.056023
15.039062	2276.000000	2146.719147	2.709868
15.063477	2267.000000	2136.883529	2.732792
15.087891	2260.000000	2127.093049	2.795719
15.112305	2179.000000	2117.347501	1.320754
15.136719	2128.000000	2107.646677	0.441214
15.161133	2112.000000	2097.990374	0.304845
15.185547	2089.000000	2088.378386	0.013600
15.209961	2185.000000	2078.810510	2.271725
15.234375	2145.000000	2069.286544	1.634780
15.258789	2192.000000	2059.806286	2.823518
15.283203	2136.000000	2050.369536	1.852796
15.307617	2136.000000	2040.976093	2.056043
15.332031	2093.000000	2031.625760	1.341533
15.356445	2162.000000	2022.318338	3.004080
15.380859	2136.000000	2013.053631	2.660205
15.405273	2066.000000	2003.831442	1.367747
15.429687	2009.000000	1994.651576	0.320121
15.454102	2097.000000	1985.513839	2.434567
15.478516	2089.000000	1976.418038	2.463200
15.502930	2010.000000	1967.363980	0.950996
15.527344	2038.000000	1958.351474	1.764313
15.551758	2015.000000	1949.380328	1.461829
15.576172	1959.000000	1940.450354	0.419101
15.600586	2040.000000	1931.561362	2.400872
15.625000	1987.000000	1922.713164	1.442192
15.649414	1962.000000	1913.905573	1.085789
15.673828	1987.000000	1905.138403	1.836459
15.698242	1968.000000	1896.411467	1.613730
15.722656	2003.000000	1887.724582	2.575706
15.747070	1947.000000	1879.077564	1.539325
15.771484	1923.000000	1870.470229	1.197887
15.795898	1925.000000	1861.902396	1.438128
15.820312	1868.000000	1853.373883	0.338408
15.844727	1871.000000	1844.884510	0.603756
15.869141	1903.000000	1836.434097	1.525922
15.893555	1896.000000	1828.022465	1.561156
15.917969	1917.000000	1819.649437	2.223450
15.942383	1829.000000	1811.314834	0.413525
15.966797	1817.000000	1803.018482	0.328002
15.991211	1900.000000	1794.760204	2.414366
16.015625	1818.000000	1786.539826	0.737843
16.040039	1776.000000	1778.357173	-0.055933
16.064453	1803.000000	1770.212073	0.772176
16.088867	1893.000000	1762.104353	3.008499
16.113281	1874.000000	1754.033841	2.771239
16.137695	1753.000000	1746.000368	0.167180
16.162109	1829.000000	1738.003762	2.127730
16.186523	1802.000000	1730.043856	1.695081
16.210937	1794.000000	1722.120479	1.697047
16.235352	1814.000000	1714.233465	2.342428
16.259766	1754.000000	1706.382647	1.136974
16.284180	1727.000000	1698.567858	0.684169
16.308594	1679.000000	1690.788934	-0.287706
16.333008	1729.000000	1683.045709	1.105169
16.357422	1744.000000	1675.338020	1.644156
16.381836	1716.000000	1667.665704	1.166801
16.406250	1683.000000	1660.028599	0.559945
16.430664	1731.000000	1652.426542	1.888545
16.455078	1724.000000	1644.859374	1.906035
16.479492	1665.000000	1637.326933	0.678188
16.503906	1678.000000	1629.829061	1.175951
16.528320	1633.000000	1622.365598	0.263160
16.552734	1671.000000	1614.936388	1.371491
16.577148	1776.000000	1607.541272	3.997349
16.601562	1668.000000	1600.180095	1.660578
16.625977	1643.000000	1592.852700	1.237168
16.650391	1626.000000	1585.558933	1.002911
16.674805	1664.000000	1578.298639	2.100927
16.699219	1642.000000	1571.071664	1.750383
16.723633	1643.000000	1563.877856	1.951998
16.748047	1652.000000	1556.717062	2.344283
16.772461	1610.000000	1549.589132	1.505574
16.796875	1557.000000	1542.493913	0.367626
16.821289	1575.000000	1535.431257	0.997039
16.845703	1606.000000	1528.401013	1.936347
16.870117	1613.000000	1521.403033	2.280678
16.894531	1588.000000	1514.437168	1.846006
16.918945	1621.000000	1507.503272	2.818979
16.943359	1533.000000	1500.601198	0.827481
16.967773	1518.000000	1493.730799	0.622902
16.992187	1566.000000	1486.891930	1.999056
17.016602	1562.000000	1480.084447	2.072649
17.041016	1581.000000	1473.308205	2.708424
17.065430	1533.000000	1466.563062	1.696831
17.089844	1614.000000	1459.848873	3.837028
17.114258	1546.000000	1453.165499	2.361047
17.138672	1515.000000	1446.512796	1.759556
17.163086	1483.000000	1439.890624	1.119441
17.187500	1560.000000	1433.298843	3.207881
17.211914	1542.000000	1426.737314	2.935260
17.236328	1477.000000	1420.205897	1.477791
17.260742	1412.000000	1413.704455	-0.045360
17.285156	1510.000000	1407.232850	2.644636
17.309570	1466.000000	1400.790945	1.703103
17.333984	1414.000000	1394.378604	0.521801
17.358398	1500.000000	1387.995691	2.891939
17.382812	1417.000000	1381.642071	0.939295
17.407227	1497.000000	1375.317609	3.144972
17.431641	1445.000000	1369.022172	1.998725
17.456055	1434.000000	1362.755627	1.881378
17.480469	1459.000000	1356.517841	2.683000
17.504883	1459.000000	1350.308682	2.845556
17.529297	1445.000000	1344.128018	2.653607
17.553711	1422.000000	1337.975719	2.228204
17.578125	1398.000000	1331.851655	1.769153
17.602539	1437.000000	1325.755695	2.934603
17.626953	1329.000000	1319.687712	0.255443
17.651367	1402.000000	1313.647577	2.359633
17.675781	1393.000000	1307.635162	2.287196
17.700195	1302.000000	1301.650339	0.009690
17.724609	1332.000000	1295.692982	0.994806
17.749023	1385.000000	1289.762965	2.559063
17.773437	1363.000000	1283.860163	2.143617
17.797852	1390.000000	1277.984451	3.004491
17.822266	1382.000000	1272.135703	2.955307
17.846680	1349.000000	1266.313798	2.251267
17.871094	1335.000000	1260.518610	2.038483
17.895508	1315.000000	1254.750019	1.661476
17.919922	1291.000000	1249.007901	1.168704
17.944336	1341.000000	1243.292135	2.668180
17.968750	1266.000000	1237.602601	0.798108
17.993164	1210.000000	1231.939178	-0.630707
18.017578	1331.000000	1226.301745	2.869792
18.041992	1224.000000	1220.690185	0.094605
18.066406	1279.000000	1215.104377	1.786635
18.090820	1245.000000	1209.544205	1.004853
18.115234	1272.000000	1204.009549	1.906358
18.139648	1224.000000	1198.500294	0.728861
18.164062	1285.000000	1193.016322	2.566015
18.188477	1290.000000	1187.557518	2.852235
18.212891	1221.000000	1182.123765	1.112567
18.237305	1214.000000	1176.714950	1.070103
18.261719	1229.000000	1171.330958	1.645003
18.286133	1197.000000	1165.971674	0.896832
18.310547	1293.000000	1160.636985	3.681013
18.334961	1216.000000	1155.326779	1.739924
18.359375	1200.000000	1150.040942	1.442194
18.383789	1211.000000	1144.779364	1.902923
18.408203	1193.000000	1139.541933	1.547722
18.432617	1086.000000	1134.328538	-1.466523
18.457031	1214.000000	1129.139069	2.435558
18.481445	1171.000000	1123.973415	1.374248
18.505859	1185.000000	1118.831469	1.922172
18.530273	1164.000000	1113.713120	1.473935
18.554687	1181.000000	1108.618261	2.106222
18.579102	1151.000000	1103.546783	1.398711
18.603516	1205.000000	1098.498580	3.068046
18.627930	1103.000000	1093.473544	0.286843
18.652344	1131.000000	1088.471570	1.264585
18.676758	1108.000000	1083.492552	0.736255
18.701172	1126.000000	1078.536383	1.414463
18.725586	1076.000000	1073.602960	0.073075
18.750000	1164.000000	1068.692178	2.793522
18.774414	1131.000000	1063.803932	1.998079
18.798828	1122.000000	1058.938120	1.882654
18.823242	1077.000000	1054.094639	0.697958
18.847656	1128.000000	1049.273386	2.344051
18.872070	1103.000000	1044.474259	1.762216
18.896484	1081.000000	1039.697157	1.256224
18.920898	1084.000000	1034.941978	1.490031
18.945312	1118.000000	1030.208622	2.625615
18.969727	1091.000000	1025.496988	1.983120
18.994141	1076.000000	1020.806978	1.682589
19.018555	1087.000000	1016.138491	2.149293
19.042969	1026.000000	1011.491430	0.452951
19.067383	1024.000000	1006.865695	0.535447
19.091797	1052.000000	1002.261189	1.533513
19.116211	1023.000000	997.677814	0.791705
19.140625	1046.000000	993.115474	1.635169
19.165039	1031.000000	988.574072	1.321302
19.189453	1018.000000	984.053511	1.063949
19.213867	1015.000000	979.553697	1.112597
19.238281	1032.000000	975.074533	1.772012
19.262695	997.000000	970.615926	0.835592
19.287109	1017.000000	966.177780	1.593651
19.311523	1038.000000	961.760003	2.366378
19.335937	1017.000000	957.362500	1.870075
19.360352	990.000000	952.985178	1.176408
19.384766	1018.000000	948.627945	2.174256
19.409180	941.000000	944.290708	-0.107274
19.433594	1024.000000	939.973377	2.625832
19.458008	967.000000	935.675859	1.007316
19.482422	1041.000000	931.398063	3.396979
19.506836	882.000000	927.139900	-1.519939
19.531250	960.000000	922.901278	1.197356
19.555664	1005.000000	918.682108	2.722813
19.580078	1011.000000	914.482302	3.035508
19.604492	992.000000	910.301770	2.593921
19.628906	964.000000	906.140423	1.863531
19.653320	1004.000000	901.998174	3.219149
19.677734	953.000000	897.874935	1.785676
19.702148	948.000000	893.770618	1.761288
19.726562	920.000000	889.685138	0.999451
19.750977	947.000000	885.618407	1.994634
19.775391	970.000000	881.570339	2.839305
19.799805	991.000000	877.540849	3.604149
19.824219	930.000000	873.529852	1.851729
19.848633	958.000000	869.537262	2.858101
19.873047	902.000000	865.562995	1.213220
19.897461	857.000000	861.606967	-0.157371
19.921875	851.000000	857.669095	-0.228614
19.946289	883.000000	853.749295	0.984365
19.970703	925.000000	849.847484	2.471000
19.995117	910.000000	845.963579	2.122787
20.019531	880.000000	842.097498	1.277693
20.043945	841.000000	838.249161	0.094857
20.068359	904.000000	834.418484	2.314247
20.092773	859.000000	830.605387	0.968812
20.117187	871.000000	826.809790	1.497328
20.141602	905.000000	823.031612	2.724721
20.166016	919.000000	819.270773	3.289764
20.190430	865.000000	815.527193	1.682126
20.214844	846.000000	811.800794	1.175793
20.239258	865.000000	808.091496	1.934947
20.263672	844.000000	804.399222	1.363115
20.288086	863.000000	800.723892	2.119903
20.312500	892.000000	797.065430	3.178645
20.336914	895.000000	793.423757	3.395319
20.361328	902.000000	789.798796	3.735891
20.385742	847.000000	786.190472	2.089440
20.410156	830.000000	782.598708	1.645323
20.434570	869.000000	779.023427	3.052246
20.458984	846.000000	775.464554	2.425059
20.483398	817.000000	771.922014	1.577079
20.507812	832.000000	768.395731	2.205081
20.532227	896.000000	764.885632	4.380224
20.556641	862.000000	761.391641	3.426734
20.581055	843.000000	757.913685	2.930528
20.605469	800.000000	754.451691	1.610376
20.629883	763.000000	751.005585	0.434227
20.654297	794.000000	747.575294	1.647551
20.678711	807.000000	744.160745	2.212047
20.703125	783.000000	740.761867	1.509468
20.727539	805.000000	737.378587	2.383342
20.751953	787.000000	734.010834	1.888860
20.776367	788.000000	730.658537	2.042705
20.800781	822.000000	727.323152	3.302234
20.825195	801.000000	723.991141	2.720974
20.849609	807.000000	720.668455	3.039014
20.874023	817.000000	717.366985	3.485718
20.898437	749.000000	714.080665	1.275925
20.922852	763.000000	710.827328	1.888778
20.947266	758.000000	707.582954	1.831230
20.971680	757.000000	704.347503	1.913688
20.996094	752.000000	701.138834	1.854716
21.020508	776.000000	697.932957	2.802444
21.044922	753.000000	694.759693	2.122395
21.069336	779.000000	691.595025	3.131608
21.093750	757.000000	688.426981	2.492329
21.118164	688.000000	685.267508	0.104175
21.142578	793.000000	682.134470	3.936950
21.166992	766.000000	679.021776	3.142651
21.191406	758.000000	675.911433	2.981591
21.215820	696.000000	672.827299	0.878359
21.240234	757.000000	669.763285	3.170672
