Name des Datensatzes:	<3>
Wiederholrate [ns]:	19.580
Zeit Shift [ns] (fest):	0.000
Offset (fest):	3.549

Komponente 1
tau [ns]:	6.095679
A:	0.257709
%:	100.000000
f:	1.000000

t_irf	irf	t	daten	fit	res
[ns]	counts (offset korrigiert)	[ns]			counts 
1.220703	-0.256098	1.684570	1182.000000	1178.912942	0.089792
1.245117	1.743902	1.708984	1190.000000	1174.148006	0.459526
1.269531	2.743902	1.733398	1253.000000	1169.141080	2.369047
1.293945	1.743902	1.757812	1190.000000	1163.893132	0.756800
1.318359	1.743902	1.782227	1128.000000	1158.927196	-0.920844
1.342773	-1.256098	1.806641	1193.000000	1154.764217	1.107005
1.367187	-0.256098	1.831055	1182.000000	1150.356843	0.920388
1.391602	0.743902	1.855469	1188.000000	1145.183977	1.242219
1.416016	-1.256098	1.879883	1173.000000	1141.075932	0.932114
1.440430	0.743902	1.904297	1140.000000	1136.201200	0.112511
1.464844	-2.256098	1.928711	1070.000000	1132.129060	-1.899341
1.489258	-1.256098	1.953125	1120.000000	1128.334233	-0.249033
1.513672	1.743902	1.977539	1080.000000	1123.510431	-1.323980
1.538086	2.743902	2.001953	1135.000000	1118.444874	0.491399
1.562500	0.743902	2.026367	1077.000000	1114.965780	-1.156870
1.586914	-0.256098	2.050781	1184.000000	1110.456449	2.137316
1.611328	1.743902	2.075195	1143.000000	1105.965143	1.095437
1.635742	-0.256098	2.099609	1073.000000	1101.752825	-0.877770
1.660156	-1.256098	2.124023	1182.000000	1097.818380	2.448548
1.684570	-0.256098	2.148437	1126.000000	1092.594482	0.995518
1.708984	-0.256098	2.172852	1151.000000	1087.913536	1.859510
1.733398	-1.256098	2.197266	1097.000000	1082.990265	0.422987
1.757812	-2.256098	2.221680	1101.000000	1078.869780	0.666948
1.782227	-1.256098	2.246094	1070.000000	1073.982658	-0.121753
1.806641	1.743902	2.270508	1067.000000	1070.420250	-0.104707
1.831055	0.743902	2.294922	1158.000000	1066.350009	2.693259
1.855469	-2.256098	2.319336	1152.000000	1062.557074	2.635237
1.879883	1.743902	2.343750	1061.000000	1058.779300	0.068176
1.904297	-1.256098	2.368164	1095.000000	1054.755590	1.216182
1.928711	1.743902	2.392578	1094.000000	1052.053142	1.268209
1.953125	2.743902	2.416992	1107.000000	1050.144605	1.708826
1.977539	-1.256098	2.441406	1029.000000	1049.548875	-0.640590
2.001953	-2.256098	2.465820	1129.000000	1050.782779	2.327852
2.026367	3.743902	2.490234	1085.000000	1056.188324	0.874689
2.050781	-0.256098	2.514648	1095.000000	1062.094335	0.994406
2.075195	-0.256098	2.539062	1079.000000	1073.980565	0.152807
2.099609	0.743902	2.563477	1164.000000	1093.128289	2.077287
2.124023	1.743902	2.587891	1120.000000	1111.677405	0.248685
2.148437	-3.256098	2.612305	1203.000000	1136.156204	1.927207
2.172852	-1.256098	2.636719	1203.000000	1165.496840	1.081272
2.197266	-2.256098	2.661133	1215.000000	1223.434147	-0.241965
2.221680	0.743902	2.685547	1303.000000	1328.126334	-0.696076
2.246094	-2.256098	2.709961	1445.000000	1526.634015	-2.147520
2.270508	2.743902	2.734375	1641.000000	1854.344115	-5.266552
2.294922	0.743902	2.758789	2025.000000	2405.235193	-8.449671
2.319336	1.743902	2.783203	2722.000000	3230.622347	-9.748805
2.343750	1.743902	2.807617	3628.000000	4340.632923	-11.831294
2.368164	0.743902	2.832031	5119.000000	5715.595694	-8.338493
2.392578	5.743902	2.856445	6610.000000	7300.417179	-8.492017
2.416992	8.743902	2.880859	8496.000000	8961.130233	-5.046233
2.441406	13.743902	2.905273	10334.000000	10626.429740	-2.876652
2.465820	20.743902	2.929687	12068.000000	12288.466291	-2.006895
2.490234	36.743902	2.954102	13756.000000	13785.149631	-0.248535
2.514648	38.743902	2.978516	15116.000000	15113.225160	0.022569
2.539062	61.743902	3.002930	16746.000000	16303.908027	3.416309
2.563477	89.743902	3.027344	17369.000000	17307.367478	0.467652
2.587891	87.743902	3.051758	18289.000000	18195.614673	0.690532
2.612305	110.743902	3.076172	19137.000000	18926.039205	1.524982
2.636719	129.743902	3.100586	19962.000000	19501.099165	3.262162
2.661133	239.743902	3.125000	20336.000000	19965.008562	2.601544
2.685547	419.743902	3.149414	20728.000000	20301.766416	2.960527
2.709961	780.743902	3.173828	21027.000000	20557.562253	3.237348
2.734375	1278.743902	3.198242	21350.000000	20749.164952	4.112030
2.758789	2138.743902	3.222656	21152.000000	20878.658350	1.879447
2.783203	3198.743902	3.247070	21577.000000	20951.772463	4.256401
2.807617	4301.743902	3.271484	21414.000000	20986.483087	2.921490
2.832031	5333.743902	3.295898	21589.000000	20998.083808	4.021700
2.856445	6158.743902	3.320312	21586.000000	21000.762939	3.983325
2.880859	6473.743902	3.344727	21607.000000	20988.030242	4.210873
2.905273	6516.743902	3.369141	21372.000000	20957.075927	2.838220
2.929687	6529.743902	3.393555	21405.000000	20915.542867	3.345469
2.954102	5921.743902	3.417969	21126.000000	20871.304426	1.752317
2.978516	5298.743902	3.442383	21511.000000	20823.588309	4.686910
3.002930	4792.743902	3.466797	20984.000000	20773.452561	1.453469
3.027344	4093.743902	3.491211	21130.000000	20721.950996	2.807130
3.051758	3667.743902	3.515625	21172.000000	20666.217680	3.476023
3.076172	3076.743902	3.540039	20718.000000	20605.747455	0.779870
3.100586	2492.743902	3.564453	20920.000000	20548.651368	2.567444
3.125000	2075.743902	3.588867	20938.000000	20487.867963	3.110802
3.149414	1595.743902	3.613281	20649.000000	20430.459949	1.520833
3.173828	1290.743902	3.637695	20674.000000	20365.972396	2.142286
3.198242	1048.743902	3.662109	20698.000000	20309.051615	2.703509
3.222656	813.743902	3.686523	20753.000000	20249.486958	3.495186
3.247070	599.743902	3.710937	20647.000000	20187.027958	3.201127
3.271484	453.743902	3.735352	20392.000000	20126.123795	1.861871
3.295898	365.743902	3.759766	20317.000000	20067.551360	1.750054
3.320312	331.743902	3.784180	20222.000000	20011.301335	1.481664
3.344727	272.743902	3.808594	20264.000000	19949.272323	2.210917
3.369141	202.743902	3.833008	20027.000000	19890.362644	0.965521
3.393555	161.743902	3.857422	20452.000000	19836.387081	4.304670
3.417969	150.743902	3.881836	19883.000000	19780.800015	0.724786
3.442383	136.743902	3.906250	19866.000000	19726.479280	0.989882
3.466797	126.743902	3.930664	20046.000000	19681.511930	2.574361
3.491211	120.743902	3.955078	19800.000000	19632.547746	1.190031
3.515625	103.743902	3.979492	19852.000000	19583.779278	1.903664
3.540039	84.743902	4.003906	19552.000000	19535.988851	0.114506
3.564453	96.743902	4.028320	19580.000000	19485.257019	0.677081
3.588867	81.743902	4.052734	19646.000000	19431.595537	1.529666
3.613281	93.743902	4.077148	19297.000000	19375.538189	-0.565374
3.637695	65.743902	4.101562	19795.000000	19322.054232	3.361504
3.662109	93.743902	4.125977	19414.000000	19265.651627	1.064695
3.686523	82.743902	4.150391	19459.000000	19204.514788	1.824325
3.710937	70.743902	4.174805	19098.000000	19142.056106	-0.318795
3.735352	75.743902	4.199219	19421.000000	19080.630188	2.442391
3.759766	83.743902	4.223633	18955.000000	19018.666689	-0.462435
3.784180	91.743902	4.248047	18941.000000	18950.686005	-0.070379
3.808594	68.743902	4.272461	19040.000000	18884.804299	1.124725
3.833008	79.743902	4.296875	19185.000000	18819.446968	2.639183
3.857422	97.743902	4.321289	19103.000000	18751.479484	2.543313
3.881836	90.743902	4.345703	18659.000000	18680.651244	-0.158503
3.906250	94.743902	4.370117	18708.000000	18611.411293	0.706176
3.930664	129.743902	4.394531	18733.000000	18545.841570	1.367432
3.955078	113.743902	4.418945	18765.000000	18475.574256	2.112822
3.979492	113.743902	4.443359	18143.000000	18407.676097	-1.964989
4.003906	116.743902	4.467773	18560.000000	18338.222085	1.627906
4.028320	104.743902	4.492187	18303.000000	18268.262581	0.256765
4.052734	92.743902	4.516602	18313.000000	18198.843751	0.843568
4.077148	82.743902	4.541016	18120.000000	18131.529649	-0.085652
4.101562	91.743902	4.565430	18065.000000	18062.918395	0.015487
4.125977	79.743902	4.589844	17853.000000	17995.103461	-1.063528
4.150391	60.743902	4.614258	18108.000000	17927.037520	1.344786
4.174805	54.743902	4.638672	17791.000000	17860.287791	-0.519465
4.199219	57.743902	4.663086	17659.000000	17792.238655	-1.002645
4.223633	54.743902	4.687500	17788.000000	17726.810843	0.458787
4.248047	30.743902	4.711914	17670.000000	17660.600411	0.070712
4.272461	37.743902	4.736328	17472.000000	17594.654631	-0.927924
4.296875	38.743902	4.760742	17528.000000	17526.101050	0.014343
4.321289	27.743902	4.785156	17169.000000	17460.953917	-2.228137
4.345703	15.743902	4.809570	17340.000000	17392.934756	-0.401991
4.370117	20.743902	4.833984	17110.000000	17325.970584	-1.651086
4.394531	33.743902	4.858398	17242.000000	17259.796148	-0.135529
4.418945	14.743902	4.882812	17086.000000	17193.103113	-0.819373
4.443359	22.743902	4.907227	17168.000000	17127.459766	0.309404
4.467773	15.743902	4.931641	16968.000000	17062.861912	-0.728243
4.492187	12.743902	4.956055	16895.000000	16996.695013	-0.782385
4.516602	13.743902	4.980469	16857.000000	16931.053628	-0.570369
4.541016	20.743902	5.004883	16635.000000	16865.935656	-1.790522
4.565430	14.743902	5.029297	16576.000000	16801.339005	-1.750236
4.589844	16.743902	5.053711	16587.000000	16736.739519	-1.162659
4.614258	14.743902	5.078125	16472.000000	16672.137210	-1.559390
4.638672	18.743902	5.102539	16462.000000	16609.098305	-1.146480
4.663086	12.743902	5.126953	16436.000000	16544.484124	-0.846190
4.687500	21.743902	5.151367	16317.000000	16480.128213	-1.277053
4.711914	17.743902	5.175781	16285.000000	16416.551614	-1.030866
4.736328	17.743902	5.200195	15788.000000	16353.751211	-4.502585
4.760742	6.743902	5.224609	16063.000000	16290.679757	-1.796433
4.785156	18.743902	5.249023	15810.000000	16227.860408	-3.323267
4.809570	6.743902	5.273437	15878.000000	16167.380444	-2.296526
4.833984	9.743902	5.297852	15921.000000	16103.748760	-1.448336
4.858398	11.743902	5.322266	15828.000000	16041.415563	-1.696341
4.882812	8.743902	5.346680	15745.000000	15979.331520	-1.867495
4.907227	11.743902	5.371094	15377.000000	15920.105995	-4.379745
4.931641	14.743902	5.395508	15642.000000	15858.506843	-1.731113
4.956055	7.743902	5.419922	15452.000000	15797.937019	-2.782945
4.980469	8.743902	5.444336	15410.000000	15734.998941	-2.618066
5.004883	9.743902	5.468750	15400.000000	15675.183830	-2.217494
5.029297	10.743902	5.493164	15233.000000	15613.780556	-3.085191
5.053711	9.743902	5.517578	15278.000000	15552.883756	-2.223903
5.078125	8.743902	5.541992	15053.000000	15491.447260	-3.573599
5.102539	13.743902	5.566406	15112.000000	15430.517370	-2.591028
5.126953	6.743902	5.590820	14906.000000	15369.831025	-3.799087
5.151367	6.743902	5.615234	14965.000000	15310.953467	-2.827999
5.175781	8.743902	5.639648	14926.000000	15250.745034	-2.658097
5.200195	10.743902	5.664062	14743.000000	15190.516227	-3.685665
5.224609	8.743902	5.688477	14829.000000	15130.267127	-2.473978
5.249023	8.743902	5.712891	14839.000000	15071.302993	-1.907008
5.273437	16.743902	5.737305	14670.000000	15011.269368	-2.817619
5.297852	3.743902	5.761719	14602.000000	14952.519849	-2.900724
5.322266	7.743902	5.786133	14630.000000	14894.788267	-2.189155
5.346680	7.743902	5.810547	14459.000000	14837.809517	-3.150299
5.371094	17.743902	5.834961	14419.000000	14780.536448	-3.010818
5.395508	7.743902	5.859375	14156.000000	14722.187127	-4.758715
5.419922	10.743902	5.883789	14484.000000	14664.593107	-1.500572
5.444336	0.743902	5.908203	14153.000000	14608.012407	-3.824714
5.468750	11.743902	5.932617	14263.000000	14549.830615	-2.401707
5.493164	4.743902	5.957031	14339.000000	14491.359312	-1.272359
5.517578	5.743902	5.981445	14216.000000	14434.687942	-1.834155
5.541992	2.743902	6.005859	14317.000000	14376.937916	-0.500928
5.566406	3.743902	6.030273	13931.000000	14320.984939	-3.304127
5.590820	3.743902	6.054687	13930.000000	14266.560794	-2.851596
5.615234	9.743902	6.079102	13860.000000	14210.787973	-2.979635
5.639648	3.743902	6.103516	14086.000000	14156.021192	-0.589978
5.664062	2.743902	6.127930	13677.000000	14100.429177	-3.620640
5.688477	1.743902	6.152344	13723.000000	14045.320407	-2.751460
5.712891	5.743902	6.176758	13687.000000	13990.953985	-2.598087
5.737305	0.743902	6.201172	13759.000000	13937.065910	-1.518054
5.761719	4.743902	6.225586	13578.000000	13882.349088	-2.611885
5.786133	7.743902	6.250000	13527.000000	13828.895121	-2.595705
5.810547	9.743902	6.274414	13474.000000	13774.088600	-2.585242
5.834961	7.743902	6.298828	13657.000000	13719.240113	-0.532590
5.859375	2.743902	6.323242	13256.000000	13665.132934	-3.553515
5.883789	4.743902	6.347656	13156.000000	13612.808244	-3.982649
5.908203	7.743902	6.372070	13265.000000	13559.126487	-2.553763
5.932617	0.743902	6.396484	13392.000000	13506.442412	-0.988927
5.957031	-1.256098	6.420898	13223.000000	13452.924777	-1.999497
5.981445	4.743902	6.445312	13245.000000	13400.143132	-1.348052
6.005859	-0.256098	6.469727	13044.000000	13347.572462	-2.658012
6.030273	5.743902	6.494141	13113.000000	13295.733996	-1.595763
6.054687	10.743902	6.518555	12733.000000	13243.580663	-4.524796
6.079102	4.743902	6.542969	13122.000000	13190.658501	-0.599369
6.103516	7.743902	6.567383	12898.000000	13137.947876	-2.112787
6.127930	3.743902	6.591797	12883.000000	13085.447942	-1.783630
6.152344	4.743902	6.616211	12810.000000	13033.157857	-1.971685
6.176758	6.743902	6.640625	12683.000000	12981.076783	-2.646776
6.201172	7.743902	6.665039	12561.000000	12929.203884	-3.285309
6.225586	3.743902	6.689453	12746.000000	12877.538327	-1.165106
6.250000	7.743902	6.713867	12785.000000	12826.079285	-0.363306
6.274414	1.743902	6.738281	12562.000000	12774.825931	-1.898870
6.298828	0.743902	6.762695	12605.000000	12723.777444	-1.057944
6.323242	2.743902	6.787109	12530.000000	12672.933004	-1.276900
6.347656	8.743902	6.811523	12482.000000	12622.291797	-1.255712
6.372070	2.743902	6.835937	12278.000000	12571.853009	-2.651956
6.396484	5.743902	6.860352	12530.000000	12521.615831	0.074900
6.420898	1.743902	6.884766	12439.000000	12471.579458	-0.292113
6.445312	3.743902	6.909180	12276.000000	12421.743087	-1.315405
6.469727	3.743902	6.933594	12267.000000	12372.105919	-0.948982
6.494141	5.743902	6.958008	12257.000000	12322.667157	-0.593139
6.518555	3.743902	6.982422	12285.000000	12273.426008	0.104423
7.006836	12309.000000	12224.381683	0.762699
7.031250	12292.000000	12175.533394	1.050486
7.055664	11959.000000	12126.880359	-1.535156
7.080078	12074.000000	12078.421796	-0.040241
7.104492	11877.000000	12030.156928	-1.405346
7.128906	11838.000000	11982.084982	-1.324279
7.153320	11854.000000	11934.205185	-0.736665
7.177734	11911.000000	11886.516771	0.224334
7.202148	11782.000000	11839.018973	-0.525303
7.226562	11996.000000	11791.711030	1.865206
7.250977	11610.000000	11744.592184	-1.249119
7.275391	11718.000000	11697.661677	0.187883
7.299805	11635.000000	11650.918758	-0.147579
7.324219	11548.000000	11604.362677	-0.524491
7.348633	11586.000000	11557.992687	0.260198
7.373047	11612.000000	11511.808043	0.929778
7.397461	11225.000000	11465.808006	-2.272886
7.421875	11527.000000	11419.991837	0.996687
7.446289	11333.000000	11374.358801	-0.388504
7.470703	11201.000000	11328.908167	-1.208565
7.495117	11360.000000	11283.639205	0.716442
7.519531	11095.000000	11238.551188	-1.362835
7.543945	11119.000000	11193.643395	-0.707878
7.568359	11218.000000	11148.915104	0.652267
7.592773	11011.000000	11104.365598	-0.889761
7.617187	10953.000000	11059.994162	-1.022336
7.641602	10896.000000	11015.800085	-1.147687
7.666016	10963.000000	10971.782657	-0.083881
7.690430	10997.000000	10927.941173	0.658540
7.714844	10894.000000	10884.274929	0.093175
7.739258	10997.000000	10840.783225	1.489672
7.763672	10799.000000	10797.465363	0.014768
7.788086	10781.000000	10754.320648	0.256948
7.812500	10772.000000	10711.348388	0.584378
7.836914	10720.000000	10668.547894	0.496942
7.861328	10375.000000	10625.918480	-2.463421
7.885742	10645.000000	10583.459460	0.596470
7.910156	10644.000000	10541.170155	0.996705
7.934570	10597.000000	10499.049886	0.951510
7.958984	10404.000000	10457.097978	-0.520568
7.983398	10307.000000	10415.313757	-1.066885
8.007812	10313.000000	10373.696552	-0.597684
8.032227	10299.000000	10332.245698	-0.327595
8.056641	10174.000000	10290.960527	-1.159561
8.081055	10183.000000	10249.840379	-0.662371
8.105469	10095.000000	10208.884594	-1.133475
8.129883	10184.000000	10168.092515	0.157631
8.154297	10107.000000	10127.463487	-0.203549
8.178711	10067.000000	10086.996858	-0.199302
8.203125	10123.000000	10046.691980	0.758430
8.227539	9981.000000	10006.548206	-0.255725
8.251953	9952.000000	9966.564892	-0.146000
8.276367	9960.000000	9926.741396	0.333253
8.300781	9708.000000	9887.077081	-1.817503
8.325195	9967.000000	9847.571308	1.196262
8.349609	10057.000000	9808.223446	2.480706
8.374023	9813.000000	9769.032862	0.443841
8.398437	9844.000000	9729.998929	1.149008
8.422852	9649.000000	9691.121019	-0.428803
8.447266	9658.000000	9652.398509	0.056998
8.471680	9592.000000	9613.830778	-0.222902
8.496094	9679.000000	9575.417207	1.052864
8.520508	9564.000000	9537.157181	0.274479
8.544922	9614.000000	9499.050085	1.172348
8.569336	9332.000000	9461.095308	-1.336359
8.593750	9536.000000	9423.292242	1.154172
8.618164	9530.000000	9385.640279	1.478766
8.642578	9588.000000	9348.138816	2.449604
8.666992	9335.000000	9310.787252	0.250603
8.691406	9422.000000	9273.584986	1.528996
8.715820	9260.000000	9236.531424	0.243883
8.740234	9106.000000	9199.625969	-0.981143
8.764648	9142.000000	9162.868030	-0.218253
8.789062	9018.000000	9126.257017	-1.139990
8.813477	9209.000000	9089.792344	1.242218
8.837891	9035.000000	9053.473424	-0.194349
8.862305	9035.000000	9017.299676	0.186216
8.886719	8989.000000	8981.270520	0.081526
8.911133	9136.000000	8945.385377	1.994243
8.935547	8947.000000	8909.643671	0.394935
8.959961	9096.000000	8874.044830	2.327234
8.984375	8674.000000	8838.588282	-1.767214
9.008789	8896.000000	8803.273458	0.983120
9.033203	8933.000000	8768.099793	1.744707
9.057617	8811.000000	8733.066721	0.830253
9.082031	8708.000000	8698.173682	0.105301
9.106445	8846.000000	8663.420114	1.941241
9.130859	8653.000000	8628.805461	0.260096
9.155273	8675.000000	8594.329167	0.866127
9.179687	8550.000000	8559.990680	-0.108047
9.204102	8604.000000	8525.789448	0.843170
9.228516	8601.000000	8491.724923	1.178275
9.252930	8353.000000	8457.796558	-1.146637
9.277344	8457.000000	8424.003810	0.358803
9.301758	8495.000000	8390.346136	1.135465
9.326172	8450.000000	8356.822995	1.013632
9.350586	8377.000000	8323.433852	0.585256
9.375000	8493.000000	8290.178169	2.200818
9.399414	8268.000000	8257.055413	0.120365
9.423828	8519.000000	8224.065054	3.195449
9.448242	8344.000000	8191.206561	1.672698
9.472656	8085.000000	8158.479408	-0.817195
9.497070	8286.000000	8125.883070	1.758996
9.521484	8048.000000	8093.417024	-0.506261
9.545898	8031.000000	8061.080749	-0.335663
9.570312	8115.000000	8028.873726	0.956074
9.594727	8085.000000	7996.795439	0.980959
9.619141	8157.000000	7964.845374	2.127579
9.643555	8063.000000	7933.023016	1.447499
9.667969	8005.000000	7901.327857	1.158728
9.692383	7881.000000	7869.759388	0.126619
9.716797	7988.000000	7838.317102	1.674762
9.741211	7988.000000	7807.000495	2.025155
9.765625	7851.000000	7775.809065	0.848600
9.790039	7896.000000	7744.742311	1.702213
9.814453	7941.000000	7713.799735	2.549595
9.838867	7717.000000	7682.980841	0.387257
9.863281	7694.000000	7652.285133	0.475570
9.887695	7774.000000	7621.712121	1.727202
9.912109	7830.000000	7591.261313	2.698000
9.936523	7695.000000	7560.932221	1.528340
9.960937	7597.000000	7530.724358	0.760384
9.985352	7585.000000	7500.637240	0.968664
10.009766	7635.000000	7470.670384	1.880664
10.034180	7490.000000	7440.823310	0.568222
10.058594	7759.000000	7411.095539	3.949636
10.083008	7533.000000	7381.486593	1.745690
10.107422	7365.000000	7351.995998	0.151527
10.131836	7346.000000	7322.623281	0.272746
10.156250	7245.000000	7293.367971	-0.568249
10.180664	7344.000000	7264.229598	0.930841
10.205078	7256.000000	7235.207695	0.244092
10.229492	7449.000000	7206.301796	2.812015
10.253906	7251.000000	7177.511438	0.863020
10.278320	7301.000000	7148.836159	1.780821
10.302734	7328.000000	7120.275499	2.426582
10.327148	7197.000000	7091.829000	1.239710
10.351562	6977.000000	7063.496205	-1.035530
10.375977	7107.000000	7035.276660	0.850780
10.400391	7145.000000	7007.169912	1.630583
10.424805	7014.000000	6979.175511	0.415817
10.449219	7045.000000	6951.293007	1.116430
10.473633	6880.000000	6923.521953	-0.524704
10.498047	6963.000000	6895.861903	0.804583
10.522461	6921.000000	6868.312415	0.633321
10.546875	6908.000000	6840.873045	0.807646
10.571289	6912.000000	6813.543355	1.184249
10.595703	6967.000000	6786.322904	2.164613
10.620117	6789.000000	6759.211258	0.361534
10.644531	6772.000000	6732.207980	0.483546
10.668945	6713.000000	6705.312638	0.093825
10.693359	6801.000000	6678.524800	1.485121
10.717773	6716.000000	6651.844037	0.782856
10.742187	6684.000000	6625.269920	0.718360
10.766602	6621.000000	6598.802024	0.272805
10.791016	6588.000000	6572.439923	0.191706
10.815430	6496.000000	6546.183195	-0.622638
10.839844	6607.000000	6520.031419	1.069942
10.864258	6600.000000	6493.984174	1.304965
10.888672	6439.000000	6468.041044	-0.361912
10.913086	6348.000000	6442.201613	-1.182333
10.937500	6493.000000	6416.465464	0.949806
10.961914	6384.000000	6390.832187	-0.085509
10.986328	6389.000000	6365.301369	0.296488
11.010742	6338.000000	6339.872602	-0.023522
11.035156	6228.000000	6314.545476	-1.096655
11.059570	6118.000000	6289.319586	-2.190293
11.083984	6316.000000	6264.194528	0.651860
11.108398	6146.000000	6239.169898	-1.188446
11.132812	6088.000000	6214.245294	-1.617998
11.157227	6069.000000	6189.420318	-1.545757
11.181641	5952.000000	6164.694570	-2.756925
11.206055	6095.000000	6140.067654	-0.577269
11.230469	6016.000000	6115.539176	-1.283335
11.254883	6236.000000	6091.108740	1.834802
11.279297	6091.000000	6066.775957	0.310386
11.303711	5817.000000	6042.540435	-2.957160
11.328125	5962.000000	6018.401786	-0.730461
11.352539	5984.000000	5994.359622	-0.133921
11.376953	5831.000000	5970.413557	-1.825717
11.401367	5775.000000	5946.563208	-2.257606
11.425781	5726.000000	5922.808193	-2.600863
11.450195	5873.000000	5899.148129	-0.341201
11.474609	5782.000000	5875.582638	-1.230711
11.499023	5623.000000	5852.111341	-3.055361
11.523437	5793.000000	5828.733861	-0.469492
11.547852	5789.000000	5805.449825	-0.216202
11.572266	5669.000000	5782.258858	-1.504246
11.596680	5646.000000	5759.160589	-1.505999
11.621094	5610.000000	5736.154646	-1.684309
11.645508	5722.000000	5713.240662	0.115797
11.669922	5566.000000	5690.418267	-1.667679
11.694336	5590.000000	5667.687096	-1.039066
11.718750	5460.000000	5645.046786	-2.504293
11.743164	5442.000000	5622.496971	-2.446756
11.767578	5508.000000	5600.037291	-1.240129
11.791992	5396.000000	5577.667385	-2.473096
11.816406	5400.000000	5555.386895	-2.114548
11.840820	5384.000000	5533.195463	-2.033308
11.865234	5416.000000	5511.092733	-1.292135
11.889648	5349.000000	5489.078350	-1.915291
11.914062	5281.000000	5467.151962	-2.561590
11.938477	5183.000000	5445.313217	-3.643591
11.962891	5371.000000	5423.561764	-0.717203
11.987305	5278.000000	5401.897254	-1.705403
12.011719	5230.000000	5380.319340	-2.078567
12.036133	5312.000000	5358.827676	-0.642501
12.060547	5235.000000	5337.421918	-1.415580
12.084961	5316.000000	5316.101720	-0.001395
12.109375	5290.000000	5294.866743	-0.066913
12.133789	5175.000000	5273.716644	-1.372256
12.158203	5097.000000	5252.651085	-2.180192
12.182617	5214.000000	5231.669728	-0.244706
12.207031	5028.000000	5210.772237	-2.577583
12.231445	5079.000000	5189.958275	-1.556935
12.255859	5036.000000	5169.227510	-1.877375
12.280273	5018.000000	5148.579608	-1.843359
12.304687	5003.000000	5128.014238	-1.767438
12.329102	5048.000000	5107.531071	-0.837884
12.353516	5128.000000	5087.129778	0.570733
12.377930	4993.000000	5066.810032	-1.044563
12.402344	5121.000000	5046.571506	1.040068
12.426758	4972.000000	5026.413877	-0.771692
12.451172	4958.000000	5006.336820	-0.686475
12.475586	4840.000000	4986.340014	-2.103490
12.500000	4800.000000	4966.423137	-2.402111
12.524414	4942.000000	4946.585871	-0.065233
12.548828	4876.000000	4926.827898	-0.727898
12.573242	4764.000000	4907.148899	-2.073968
12.597656	4767.000000	4887.548560	-1.745981
12.622070	4686.000000	4868.026567	-2.659094
12.646484	4828.000000	4848.582605	-0.296222
12.670898	4818.000000	4829.216363	-0.161592
12.695312	4741.000000	4809.927531	-1.001055
12.719727	4759.000000	4790.715799	-0.459746
12.744141	4924.000000	4771.580858	2.172103
12.768555	4766.000000	4752.522403	0.195225
12.792969	4802.000000	4733.540126	0.987927
12.817383	4749.000000	4714.633725	0.498691
12.841797	4740.000000	4695.802895	0.641955
12.866211	4647.000000	4677.047334	-0.440778
12.890625	4694.000000	4658.366741	0.520097
12.915039	4656.000000	4639.760818	0.237989
12.939453	4580.000000	4621.229264	-0.609218
12.963867	4564.000000	4602.771784	-0.573909
12.988281	4435.000000	4584.388081	-2.243206
13.012695	4649.000000	4566.077860	1.216160
13.037109	4517.000000	4547.840827	-0.458882
13.061523	4461.000000	4529.676690	-1.028237
13.085937	4505.000000	4511.585158	-0.098111
13.110352	4403.000000	4493.565939	-1.364868
13.134766	4316.000000	4475.618746	-2.429647
13.159180	4452.000000	4457.743291	-0.086076
13.183594	4451.000000	4439.939286	0.165788
13.208008	4395.000000	4422.206445	-0.410386
13.232422	4358.000000	4404.544486	-0.705058
13.256836	4443.000000	4386.953123	0.840840
13.281250	4247.000000	4369.432076	-1.878685
13.305664	4318.000000	4351.981062	-0.517125
13.330078	4375.000000	4334.599803	0.610794
13.354492	4222.000000	4317.288019	-1.466490
13.378906	4135.000000	4300.045432	-2.566645
13.403320	4290.000000	4282.871766	0.108831
13.427734	4126.000000	4265.766746	-2.175902
13.452148	4240.000000	4248.730096	-0.134071
13.476562	4350.000000	4231.761545	1.792727
13.500977	4192.000000	4214.860818	-0.353087
13.525391	4226.000000	4198.027647	0.430293
13.549805	4125.000000	4181.261760	-0.875994
13.574219	4056.000000	4164.562888	-1.704639
13.598633	4221.000000	4147.930764	1.124675
13.623047	4104.000000	4131.365120	-0.427163
13.647461	4240.000000	4114.865692	1.921735
13.671875	4175.000000	4098.432214	1.184999
13.696289	4058.000000	4082.064423	-0.377763
13.720703	4081.000000	4065.762056	0.238530
13.745117	4078.000000	4049.524852	0.445905
13.769531	3978.000000	4033.352550	-0.877617
13.793945	3944.000000	4017.244891	-1.166296
13.818359	3930.000000	4001.201616	-1.135778
13.842773	4086.000000	3985.222469	1.576575
13.867187	4101.000000	3969.307192	2.056445
13.891602	3886.000000	3953.455531	-1.082097
13.916016	3943.000000	3937.667231	0.084926
13.940430	3936.000000	3921.942039	0.224076
13.964844	3872.000000	3906.279702	-0.550896
13.989258	3948.000000	3890.679970	0.912258
14.013672	3934.000000	3875.142592	0.938391
14.038086	3914.000000	3859.667319	0.868462
14.062500	3872.000000	3844.253903	0.445897
14.086914	3896.000000	3828.902097	1.074978
14.111328	3821.000000	3813.611653	0.119525
14.135742	3782.000000	3798.382328	-0.266388
14.160156	3834.000000	3783.213876	0.820199
14.184570	3781.000000	3768.106054	0.209692
14.208984	3752.000000	3753.058620	-0.017283
14.233398	3858.000000	3738.071333	1.930820
14.257812	3745.000000	3723.143953	0.357146
14.282227	3684.000000	3708.276238	-0.399965
14.306641	3762.000000	3693.467952	1.117337
14.331055	3753.000000	3678.718857	1.212521
14.355469	3652.000000	3664.028716	-0.199046
14.379883	3705.000000	3649.397293	0.913486
14.404297	3627.000000	3634.824354	-0.129920
14.428711	3657.000000	3620.309665	0.606721
14.453125	3644.000000	3605.852993	0.631933
14.477539	3608.000000	3591.454107	0.275459
14.501953	3633.000000	3577.112774	0.927214
14.526367	3607.000000	3562.828766	0.735473
14.550781	3528.000000	3548.601853	-0.346850
14.575195	3609.000000	3534.431807	1.241253
14.599609	3547.000000	3520.318400	0.448003
14.624023	3493.000000	3506.261407	-0.224383
14.648437	3520.000000	3492.260601	0.467547
14.672852	3738.000000	3478.315758	4.247427
14.697266	3505.000000	3464.426655	0.685325
14.721680	3562.000000	3450.593068	1.866660
14.746094	3487.000000	3436.814776	0.849865
14.770508	3408.000000	3423.091557	-0.258514
14.794922	3512.000000	3409.423192	1.730900
14.819336	3453.000000	3395.809462	0.973253
14.843750	3329.000000	3382.250147	-0.922920
14.868164	3492.000000	3368.745030	2.085774
14.892578	3339.000000	3355.293896	-0.281979
14.916992	3304.000000	3341.896527	-0.659294
14.941406	3355.000000	3328.552709	0.456599
14.965820	3264.000000	3315.262229	-0.897268
14.990234	3377.000000	3302.024872	1.290184
15.014648	3349.000000	3288.840427	1.039554
15.039062	3269.000000	3275.708681	-0.117336
15.063477	3257.000000	3262.629425	-0.098640
15.087891	3252.000000	3249.602449	0.042043
15.112305	3340.000000	3236.627543	1.788676
15.136719	3307.000000	3223.704499	1.448453
15.161133	3157.000000	3210.833111	-0.958103
15.185547	3283.000000	3198.013171	1.483256
15.209961	3223.000000	3185.244474	0.665044
15.234375	3260.000000	3172.526816	1.532026
15.258789	3154.000000	3159.859991	-0.104344
15.283203	3229.000000	3147.243798	1.438754
15.307617	3202.000000	3134.678033	1.189724
15.332031	3188.000000	3122.162495	1.166042
15.356445	3149.000000	3109.696983	0.700389
15.380859	3127.000000	3097.281298	0.531454
15.405273	3112.000000	3084.915240	0.485518
15.429687	3145.000000	3072.598611	1.291031
15.454102	3086.000000	3060.331212	0.462070
15.478516	3107.000000	3048.112849	1.056452
15.502930	3025.000000	3035.943323	-0.198970
15.527344	3033.000000	3023.822441	0.166644
15.551758	3051.000000	3011.750008	0.710589
15.576172	3106.000000	2999.725830	1.906896
15.600586	3074.000000	2987.749714	1.555638
15.625000	3050.000000	2975.821468	1.343162
15.649414	3061.000000	2963.940901	1.754303
15.673828	2953.000000	2952.107822	0.016418
15.698242	3033.000000	2940.322041	1.682830
15.722656	2981.000000	2928.583370	0.960037
15.747070	3048.000000	2916.891620	2.374778
15.771484	2939.000000	2905.246603	0.622612
15.795898	2852.000000	2893.648133	-0.779867
15.820312	2902.000000	2882.096024	0.369480
15.844727	2898.000000	2870.590090	0.509165
15.869141	2869.000000	2859.130147	0.184266
15.893555	2901.000000	2847.716010	0.989288
15.917969	2922.000000	2836.347498	1.584528
15.942383	2898.000000	2825.024426	1.355590
15.966797	2896.000000	2813.746615	1.528461
15.991211	2895.000000	2802.513883	1.718907
16.015625	2852.000000	2791.326049	1.136129
16.040039	2856.000000	2780.182935	1.418691
16.064453	2874.000000	2769.084361	1.957027
16.088867	2754.000000	2758.030149	-0.076796
16.113281	2808.000000	2747.020123	1.150769
16.137695	2778.000000	2736.054105	0.795836
16.162109	2710.000000	2725.131920	-0.290676
16.186523	2765.000000	2714.253392	0.965071
16.210937	2769.000000	2703.418347	1.246295
16.235352	2754.000000	2692.626612	1.169494
16.259766	2576.000000	2681.878012	-2.086089
16.284180	2732.000000	2671.172376	1.163752
16.308594	2732.000000	2660.509532	1.367753
16.333008	2663.000000	2649.889308	0.254062
16.357422	2682.000000	2639.311535	0.824292
16.381836	2609.000000	2628.776043	-0.387171
16.406250	2690.000000	2618.282662	1.382764
16.430664	2705.000000	2607.831225	1.868285
16.455078	2579.000000	2597.421564	-0.362744
16.479492	2600.000000	2587.053511	0.253902
16.503906	2653.000000	2576.726901	1.480822
16.528320	2608.000000	2566.441568	0.813777
16.552734	2555.000000	2556.197347	-0.023688
16.577148	2533.000000	2545.994073	-0.258183
16.601562	2607.000000	2535.831583	1.393852
16.625977	2586.000000	2525.709714	1.185586
16.650391	2662.000000	2515.628303	2.836959
16.674805	2569.000000	2505.587189	1.251108
16.699219	2613.000000	2495.586211	2.296939
16.723633	2612.000000	2485.625208	2.472714
16.748047	2524.000000	2475.704020	0.961316
16.772461	2598.000000	2465.822489	2.593212
16.796875	2572.000000	2455.980455	2.287682
16.821289	2559.000000	2446.177762	2.230281
16.845703	2448.000000	2436.414251	0.234163
16.870117	2520.000000	2426.689766	1.858784
16.894531	2474.000000	2417.004151	1.145891
16.918945	2513.000000	2407.357251	2.107383
16.943359	2428.000000	2397.748910	0.613927
16.967773	2472.000000	2388.178976	1.685888
16.992187	2538.000000	2378.647294	3.163105
17.016602	2363.000000	2369.153711	-0.126592
17.041016	2450.000000	2359.698075	1.824374
17.065430	2288.000000	2350.280235	-1.302034
17.089844	2350.000000	2340.900039	0.187718
17.114258	2365.000000	2331.557338	0.687678
17.138672	2383.000000	2322.251980	1.244429
17.163086	2355.000000	2312.983816	0.865807
17.187500	2269.000000	2303.752699	-0.729577
17.211914	2353.000000	2294.558480	1.204788
17.236328	2331.000000	2285.401012	0.944461
17.260742	2330.000000	2276.280147	1.112902
17.285156	2284.000000	2267.195739	0.351618
17.309570	2302.000000	2258.147643	0.913988
17.333984	2304.000000	2249.135713	1.143006
17.358398	2231.000000	2240.159805	-0.193926
17.382812	2263.000000	2231.219776	0.668059
17.407227	2273.000000	2222.315480	1.063104
17.431641	2333.000000	2213.446776	2.475164
17.456055	2282.000000	2204.613522	1.619971
17.480469	2193.000000	2195.815575	-0.060124
17.504883	2309.000000	2187.052795	2.537815
17.529297	2262.000000	2178.325041	1.759338
17.553711	2239.000000	2169.632173	1.465990
17.578125	2152.000000	2160.974051	-0.193449
17.602539	2184.000000	2152.350538	0.677236
17.626953	2237.000000	2143.761493	1.971344
17.651367	2154.000000	2135.206780	0.404929
17.675781	2238.000000	2126.686261	2.352983
17.700195	2227.000000	2118.199800	2.305524
17.724609	2176.000000	2109.747261	1.420281
17.749023	2111.000000	2101.328507	0.210499
17.773437	2071.000000	2092.943404	-0.482185
17.797852	2149.000000	2084.591818	1.389386
17.822266	2127.000000	2076.273614	1.099892
17.846680	2008.000000	2067.988659	-1.338712
17.871094	2084.000000	2059.736820	0.531495
17.895508	2094.000000	2051.517964	0.928361
17.919922	2029.000000	2043.331961	-0.318174
17.944336	2000.000000	2035.178678	-0.786619
17.968750	1984.000000	2027.057985	-0.966680
17.993164	2123.000000	2018.969751	2.257796
18.017578	1963.000000	2010.913847	-1.081436
18.041992	2003.000000	2002.890144	0.002455
18.066406	1996.000000	1994.898512	0.024655
18.090820	2071.000000	1986.938824	1.847164
18.115234	2010.000000	1979.010952	0.691210
18.139648	1994.000000	1971.114769	0.512499
18.164062	1974.000000	1963.250148	0.241952
18.188477	2005.000000	1955.416963	1.107327
18.212891	1955.000000	1947.615088	0.167021
18.237305	1928.000000	1939.844398	-0.269749
18.261719	1932.000000	1932.104768	-0.002384
18.286133	2019.000000	1924.396075	2.105431
18.310547	1959.000000	1916.718195	0.955292
18.334961	1874.000000	1909.071004	-0.810146
18.359375	1902.000000	1901.454380	0.012511
18.383789	1861.000000	1893.868201	-0.761908
18.408203	1867.000000	1886.312344	-0.446954
18.432617	1865.000000	1878.786690	-0.319242
18.457031	1900.000000	1871.291116	0.658627
18.481445	1955.000000	1863.825503	2.062054
18.505859	1891.000000	1856.389731	0.795901
18.530273	1844.000000	1848.983681	-0.116057
18.554687	1817.000000	1841.607234	-0.577278
18.579102	1856.000000	1834.260272	0.504621
18.603516	1802.000000	1826.942676	-0.587578
18.627930	1849.000000	1819.654330	0.682457
18.652344	1792.000000	1812.395116	-0.481789
18.676758	1827.000000	1805.164919	0.510841
18.701172	1708.000000	1797.963621	-2.176822
18.725586	1815.000000	1790.791108	0.568246
18.750000	1770.000000	1783.647264	-0.324384
18.774414	1729.000000	1776.531976	-1.143111
18.798828	1802.000000	1769.445128	0.766900
18.823242	1745.000000	1762.386607	-0.416214
18.847656	1800.000000	1755.356300	1.052262
18.872070	1746.000000	1748.354094	-0.056338
18.896484	1743.000000	1741.379877	0.038806
18.920898	1700.000000	1734.433536	-0.835136
18.945312	1705.000000	1727.514961	-0.545267
18.969727	1767.000000	1720.624041	1.103252
18.994141	1756.000000	1713.760664	1.007987
19.018555	1717.000000	1706.924722	0.243149
19.042969	1730.000000	1700.116103	0.718479
19.067383	1657.000000	1693.334699	-0.892607
19.091797	1736.000000	1686.580402	1.186108
19.116211	1581.000000	1679.853102	-2.486133
19.140625	1695.000000	1673.152693	0.530656
19.165039	1670.000000	1666.479065	0.086159
19.189453	1718.000000	1659.832114	1.403368
19.213867	1617.000000	1653.211730	-0.900522
19.238281	1614.000000	1646.617810	-0.811901
19.262695	1629.000000	1640.050246	-0.273786
19.287109	1699.000000	1633.508934	1.588859
19.311523	1620.000000	1626.993768	-0.173762
19.335937	1572.000000	1620.504644	-1.223368
19.360352	1587.000000	1614.041458	-0.678800
19.384766	1621.000000	1607.604106	0.332721
19.409180	1593.000000	1601.192485	-0.205262
19.433594	1627.000000	1594.806492	0.798132
19.458008	1563.000000	1588.446025	-0.643636
19.482422	1595.000000	1582.110982	0.322730
19.506836	1603.000000	1575.801260	0.679332
19.531250	1647.000000	1569.516759	1.909242
19.555664	1567.000000	1563.257379	0.094546
19.580078	1540.000000	1557.023018	-0.433787
19.604492	1489.000000	1550.813576	-1.601904
19.628906	1589.000000	1544.628955	1.113109
19.653320	1563.000000	1538.469054	0.620490
19.677734	1605.000000	1532.333775	1.813824
19.702148	1534.000000	1526.223019	0.198563
19.726562	1594.000000	1520.136690	1.850055
19.750977	1513.000000	1514.074687	-0.027629
19.775391	1533.000000	1508.036916	0.637569
19.799805	1569.000000	1502.023278	1.690879
19.824219	1543.000000	1496.033678	1.195649
19.848633	1545.000000	1490.068019	1.397530
19.873047	1545.000000	1484.126206	1.548696
19.897461	1561.000000	1478.208142	2.095493
19.921875	1592.000000	1472.313734	2.999665
19.946289	1450.000000	1466.442887	-0.431811
19.970703	1487.000000	1460.595506	0.684735
19.995117	1518.000000	1454.771498	1.622845
20.019531	1501.000000	1448.970769	1.342941
20.043945	1465.000000	1443.193227	0.569735
20.068359	1492.000000	1437.438778	1.412536
20.092773	1434.000000	1431.707331	0.060543
20.117187	1542.000000	1425.998793	2.954067
20.141602	1441.000000	1420.313072	0.544959
20.166016	1412.000000	1414.650078	-0.070525
20.190430	1448.000000	1409.009720	1.024642
20.214844	1467.000000	1403.391908	1.660723
20.239258	1396.000000	1397.796550	-0.048084
20.263672	1493.000000	1392.223558	2.608129
20.288086	1417.000000	1386.672841	0.805651
20.312500	1396.000000	1381.144312	0.397603
20.336914	1413.000000	1375.637881	0.993941
20.361328	1388.000000	1370.153460	0.479026
20.385742	1323.000000	1364.690961	-1.146204
20.410156	1434.000000	1359.250296	1.973944
20.434570	1347.000000	1353.831378	-0.186133
20.458984	1427.000000	1348.434121	2.079802
20.483398	1416.000000	1343.058437	1.938400
20.507812	1401.000000	1337.704240	1.691047
20.532227	1442.000000	1332.371444	2.886962
20.556641	1401.000000	1327.059965	1.975425
20.581055	1389.000000	1321.769716	1.803906
20.605469	1360.000000	1316.500613	1.179543
20.629883	1363.000000	1311.252572	1.401654
20.654297	1340.000000	1306.025507	0.928112
20.678711	1281.000000	1300.819336	-0.553751
20.703125	1388.000000	1295.633975	2.479234
20.727539	1297.000000	1290.469340	0.181337
20.751953	1327.000000	1285.325349	1.144028
20.776367	1358.000000	1280.201919	2.111150
20.800781	1217.000000	1275.101772	-1.665498
20.825195	1364.000000	1270.000109	2.545190
20.849609	1364.000000	1264.907887	2.683069
20.874023	1337.000000	1259.846970	2.110023
20.898437	1296.000000	1254.806283	1.144270
20.922852	1246.000000	1249.818597	-0.108179
20.947266	1292.000000	1244.839897	1.312029
20.971680	1243.000000	1239.870146	0.088775
20.996094	1325.000000	1234.942163	2.474079
21.020508	1268.000000	1230.011974	1.066810
21.044922	1364.000000	1225.134347	3.759998
21.069336	1276.000000	1220.265264	1.560273
21.093750	1274.000000	1215.382790	1.642254
21.118164	1341.000000	1210.508880	3.563416
21.142578	1350.000000	1205.676355	3.927992
21.166992	1237.000000	1200.874097	1.027150
21.191406	1237.000000	1196.069132	1.163767
21.215820	1309.000000	1191.305276	3.253023
21.240234	1176.000000	1186.571412	-0.308269
