Name des Datensatzes:	<3>
Wiederholrate [ns]:	19,580
Zeit Shift [ns] (fest):	0,000
Offset (fest):	3,549

Komponente 1
tau [ns]:	5,971306
A:	0,256480
%:	100,000000
f:	1,000000

t_irf	irf	t	daten	fit	res
[ns]	counts (offset korrigiert)	[ns]			counts 
1,220703	-0,256098	1,684570	1161,000000	1099,087307	1,817036
1,245117	1,743902	1,708984	1126,000000	1094,550777	0,937218
1,269531	2,743902	1,733398	1161,000000	1089,773103	2,090393
1,293945	1,743902	1,757812	1162,000000	1084,755269	2,266031
1,318359	1,743902	1,782227	1057,000000	1080,017563	-0,707981
1,342773	-1,256098	1,806641	1066,000000	1076,078149	-0,308676
1,367187	-0,256098	1,831055	1121,000000	1071,895156	1,466633
1,391602	0,743902	1,855469	1157,000000	1066,950268	2,647377
1,416016	-1,256098	1,879883	1102,000000	1063,064171	1,172894
1,440430	0,743902	1,904297	1033,000000	1058,414970	-0,790750
1,464844	-2,256098	1,928711	1101,000000	1054,563699	1,399471
1,489258	-1,256098	1,953125	1094,000000	1050,987797	1,300418
1,513672	1,743902	1,977539	1091,000000	1046,387870	1,350643
1,538086	2,743902	2,001953	1055,000000	1041,547057	0,414182
1,562500	0,743902	2,026367	1049,000000	1038,283919	0,330863
1,586914	-0,256098	2,050781	1101,000000	1033,995480	2,019345
1,611328	1,743902	2,075195	1044,000000	1029,724539	0,441814
1,635742	-0,256098	2,099609	1058,000000	1025,730678	0,992081
1,660156	-1,256098	2,124023	1046,000000	1022,012766	0,741676
1,684570	-0,256098	2,148437	1102,000000	1017,011756	2,560166
1,708984	-0,256098	2,172852	1043,000000	1012,550458	0,942841
1,733398	-1,256098	2,197266	1084,000000	1007,847709	2,312961
1,757812	-2,256098	2,221680	1060,000000	1003,943110	1,721774
1,782227	-1,256098	2,246094	1074,000000	999,275481	2,280137
1,806641	1,743902	2,270508	1098,000000	995,925167	3,080474
1,831055	0,743902	2,294922	1030,000000	992,069214	1,181880
1,855469	-2,256098	2,319336	1000,000000	988,488649	0,364021
1,879883	1,743902	2,343750	1109,000000	984,922693	3,725860
1,904297	-1,256098	2,368164	1010,000000	981,111634	0,908997
1,928711	1,743902	2,392578	1068,000000	978,614393	2,735155
1,953125	2,743902	2,416992	960,000000	976,906304	-0,545649
1,977539	-1,256098	2,441406	1063,000000	976,503454	2,652969
2,001953	-2,256098	2,465820	1031,000000	977,919825	1,653115
2,026367	3,743902	2,490234	948,000000	983,484879	-1,152495
2,050781	-0,256098	2,514648	992,000000	989,546535	0,077898
2,075195	-0,256098	2,539062	1038,000000	1001,555497	1,131184
2,099609	0,743902	2,563477	1029,000000	1020,785770	0,256070
2,124023	1,743902	2,587891	1090,000000	1039,418272	1,532076
2,148437	-3,256098	2,612305	1132,000000	1063,946789	2,022672
2,172852	-1,256098	2,636719	1082,000000	1093,308649	-0,343793
2,197266	-2,256098	2,661133	1152,000000	1151,112636	0,026144
2,221680	0,743902	2,685547	1243,000000	1255,418476	-0,352235
2,246094	-2,256098	2,709961	1270,000000	1453,033788	-5,136052
2,270508	2,743902	2,734375	1609,000000	1779,150436	-4,241847
2,294922	0,743902	2,758789	1896,000000	2327,238824	-9,903728
2,319336	1,743902	2,783203	2679,000000	3148,324043	-9,067477
2,343750	1,743902	2,807617	3659,000000	4252,457323	-9,810887
2,368164	0,743902	2,832031	4921,000000	5620,048340	-9,965074
2,392578	5,743902	2,856445	6691,000000	7196,273770	-6,177052
2,416992	8,743902	2,880859	8492,000000	8847,858842	-3,861649
2,441406	13,743902	2,905273	10428,000000	10503,870207	-0,742969
2,465820	20,743902	2,929687	12315,000000	12156,500189	1,428274
2,490234	36,743902	2,954102	13700,000000	13644,517502	0,474019
2,514648	38,743902	2,978516	15141,000000	14964,698995	1,432773
2,539062	61,743902	3,002930	16656,000000	16148,108980	3,935366
2,563477	89,743902	3,027344	17433,000000	17145,192310	2,179798
2,587891	87,743902	3,051758	18479,000000	18027,594758	3,320683
2,612305	110,743902	3,076172	19234,000000	18752,941348	3,468672
2,636719	129,743902	3,100586	19975,000000	19323,690482	4,608335
2,661133	239,743902	3,125000	20424,000000	19783,835153	4,479416
2,685547	419,743902	3,149414	20920,000000	20117,468456	5,548573
2,709961	780,743902	3,173828	21071,000000	20370,546019	4,825441
2,734375	1278,743902	3,198242	21255,000000	20559,754723	4,768782
2,758789	2138,743902	3,222656	21363,000000	20687,172745	4,623859
2,783203	3198,743902	3,247070	21275,000000	20758,504936	3,541045
2,807617	4301,743902	3,271484	21571,000000	20791,636604	5,306460
2,832031	5333,743902	3,295898	21574,000000	20801,783544	5,257433
2,856445	6158,743902	3,320312	21194,000000	20803,060849	2,685361
2,880859	6473,743902	3,344727	21361,000000	20789,013362	3,913588
2,905273	6516,743902	3,369141	21384,000000	20756,847417	4,288730
2,929687	6529,743902	3,393555	21243,000000	20714,166906	3,628363
2,954102	5921,743902	3,417969	21581,000000	20668,804347	6,209437
2,978516	5298,743902	3,442383	21279,000000	20619,991723	4,517678
3,002930	4792,743902	3,466797	21266,000000	20568,781725	4,781078
3,027344	4093,743902	3,491211	20983,000000	20516,222752	3,222374
3,051758	3667,743902	3,515625	20960,000000	20459,464115	3,457320
3,076172	3076,743902	3,540039	21117,000000	20398,003640	4,947782
3,100586	2492,743902	3,564453	20763,000000	20339,909785	2,936216
3,125000	2075,743902	3,588867	20835,000000	20278,158156	3,857759
3,149414	1595,743902	3,613281	20737,000000	20219,774334	3,591758
3,173828	1290,743902	3,637695	20656,000000	20154,358422	3,490362
3,198242	1048,743902	3,662109	20535,000000	20096,479730	3,060147
3,222656	813,743902	3,686523	20591,000000	20035,981002	3,867846
3,247070	599,743902	3,710937	20346,000000	19972,613276	2,617697
3,271484	453,743902	3,735352	20293,000000	19910,802373	2,682964
3,295898	365,743902	3,759766	20094,000000	19851,320903	1,711982
3,320312	331,743902	3,784180	20386,000000	19794,159362	4,145136
3,344727	272,743902	3,808594	20176,000000	19731,259012	3,131047
3,369141	202,743902	3,833008	19910,000000	19671,471503	1,690459
3,393555	161,743902	3,857422	19991,000000	19616,601710	2,647992
3,417969	150,743902	3,881836	19850,000000	19560,138220	2,057362
3,442383	136,743902	3,906250	19531,000000	19504,943729	0,186445
3,466797	126,743902	3,930664	19908,000000	19459,062330	3,181795
3,491211	120,743902	3,955078	19682,000000	19409,213675	1,944411
3,515625	103,743902	3,979492	19438,000000	19359,568413	0,562555
3,540039	84,743902	4,003906	19469,000000	19310,904676	1,133045
3,564453	96,743902	4,028320	19579,000000	19259,323651	2,284627
3,588867	81,743902	4,052734	19465,000000	19204,837241	1,864738
3,613281	93,743902	4,077148	19615,000000	19147,976608	3,334606
3,637695	65,743902	4,101562	19433,000000	19093,684864	2,434071
3,662109	93,743902	4,125977	19162,000000	19036,498795	0,906625
3,686523	82,743902	4,150391	19024,000000	18974,612633	0,358068
3,710937	70,743902	4,174805	19234,000000	18911,421056	2,325954
3,735352	75,743902	4,199219	18816,000000	18849,266277	-0,242516
3,759766	83,743902	4,223633	18849,000000	18786,586140	0,454608
3,784180	91,743902	4,248047	18833,000000	18717,930059	0,838498
3,808594	68,743902	4,272461	18789,000000	18651,371686	1,004051
3,833008	79,743902	4,296875	18595,000000	18585,344540	0,070807
3,857422	97,743902	4,321289	18519,000000	18516,730606	0,016676
3,881836	90,743902	4,345703	18413,000000	18445,280785	-0,237893
3,906250	94,743902	4,370117	18329,000000	18375,420763	-0,342881
3,930664	129,743902	4,394531	18220,000000	18309,221287	-0,660989
3,955078	113,743902	4,418945	18011,000000	18238,358495	-1,694113
3,979492	113,743902	4,443359	18407,000000	18169,862069	1,747872
4,003906	116,743902	4,467773	17972,000000	18099,827547	-0,953512
4,028320	104,743902	4,492187	17801,000000	18029,299818	-1,711131
4,052734	92,743902	4,516602	17794,000000	17959,319512	-1,239331
4,077148	82,743902	4,541016	17848,000000	17891,442318	-0,325176
4,101562	91,743902	4,565430	17635,000000	17822,284154	-1,410306
4,125977	79,743902	4,589844	17848,000000	17753,927479	0,704155
4,150391	60,743902	4,614258	17630,000000	17685,330405	-0,416714
4,174805	54,743902	4,638672	17504,000000	17618,051838	-0,862052
4,199219	57,743902	4,663086	17254,000000	17549,489859	-2,249561
4,223633	54,743902	4,687500	17494,000000	17483,544513	0,079050
4,248047	30,743902	4,711914	17338,000000	17416,829622	-0,598673
4,272461	37,743902	4,736328	17284,000000	17350,386942	-0,504964
4,296875	38,743902	4,760742	17019,000000	17281,359170	-2,011079
4,321289	27,743902	4,785156	16700,000000	17215,728894	-3,990830
4,345703	15,743902	4,809570	16759,000000	17147,250555	-2,999080
4,370117	20,743902	4,833984	16851,000000	17079,830586	-1,762793
4,394531	33,743902	4,858398	16938,000000	17013,205012	-0,577851
4,418945	14,743902	4,882812	16838,000000	16946,072323	-0,832855
4,443359	22,743902	4,907227	16878,000000	16879,992511	-0,015337
4,467773	15,743902	4,931641	16423,000000	16814,961281	-3,058559
4,492187	12,743902	4,956055	16442,000000	16748,377816	-2,389351
4,516602	13,743902	4,980469	16247,000000	16682,325679	-3,415291
4,541016	20,743902	5,004883	16296,000000	16616,802703	-2,513029
4,565430	14,743902	5,029297	16519,000000	16551,806729	-0,255253
4,589844	16,743902	5,053711	16205,000000	16486,816299	-2,213816
4,614258	14,743902	5,078125	16052,000000	16421,831390	-2,919034
4,638672	18,743902	5,102539	16021,000000	16358,409903	-2,665711
4,663086	12,743902	5,126953	15843,000000	16293,429612	-3,578559
4,687500	21,743902	5,151367	16029,000000	16228,714454	-1,577452
4,711914	17,743902	5,175781	15801,000000	16164,782657	-2,894008
4,736328	17,743902	5,200195	15922,000000	16101,631022	-1,423582
4,760742	6,743902	5,224609	15743,000000	16038,217753	-2,352874
4,785156	18,743902	5,249023	15561,000000	15975,063223	-3,319311
4,809570	6,743902	5,273437	15327,000000	15914,243608	-4,743400
4,833984	9,743902	5,297852	15370,000000	15850,296650	-3,874116
4,858398	11,743902	5,322266	15567,000000	15787,649225	-1,768479
4,882812	8,743902	5,346680	15234,000000	15725,257415	-3,980175
4,907227	11,743902	5,371094	15432,000000	15665,716716	-1,881389
4,931641	14,743902	5,395508	15391,000000	15603,822417	-1,715473
4,956055	7,743902	5,419922	15177,000000	15542,959621	-2,970573
4,980469	8,743902	5,444336	15126,000000	15479,748621	-2,876290
5,004883	9,743902	5,468750	15199,000000	15419,651727	-1,789781
5,029297	10,743902	5,493164	15008,000000	15357,982465	-2,856833
5,053711	9,743902	5,517578	14940,000000	15296,824480	-2,919304
5,078125	8,743902	5,541992	14836,000000	15235,137072	-3,276904
5,102539	13,743902	5,566406	14517,000000	15173,961015	-5,452569
5,126953	6,743902	5,590820	14757,000000	15113,034570	-2,930847
5,151367	6,743902	5,615234	14877,000000	15053,914642	-1,450461
5,175781	8,743902	5,639648	14712,000000	14993,478012	-2,320645
5,200195	10,743902	5,664062	14513,000000	14933,028323	-3,486583
5,224609	8,743902	5,688477	14284,000000	14872,565627	-4,924589
5,249023	8,743902	5,712891	14464,000000	14813,388249	-2,905120
5,273437	16,743902	5,737305	14306,000000	14753,154057	-3,738506
5,297852	3,743902	5,761719	14392,000000	14694,204249	-2,519069
5,322266	7,743902	5,786133	14038,000000	14636,273931	-5,049489
5,346680	7,743902	5,810547	14406,000000	14579,099289	-1,442194
5,371094	17,743902	5,834961	14226,000000	14521,638624	-2,478676
5,395508	7,743902	5,859375	14292,000000	14463,114142	-1,431329
5,419922	10,743902	5,883789	14030,000000	14405,347760	-3,168874
5,444336	0,743902	5,908203	13986,000000	14348,596039	-3,066029
5,468750	11,743902	5,932617	13894,000000	14290,258300	-3,361745
5,493164	4,743902	5,957031	13952,000000	14231,639284	-2,367445
5,517578	5,743902	5,981445	13839,000000	14174,817369	-2,854636
5,541992	2,743902	6,005859	13902,000000	14116,929031	-1,822873
5,566406	3,743902	6,030273	13512,000000	14060,834813	-4,721520
5,590820	3,743902	6,054687	13876,000000	14006,267741	-1,105872
5,615234	9,743902	6,079102	13579,000000	13950,365391	-3,186893
5,639648	3,743902	6,103516	13378,000000	13895,470097	-4,473935
5,664062	2,743902	6,127930	13499,000000	13839,760171	-2,932905
5,688477	1,743902	6,152344	13481,000000	13784,537208	-2,614273
5,712891	5,743902	6,176758	13623,000000	13730,058875	-0,917247
5,737305	0,743902	6,201172	13363,000000	13676,062479	-2,708189
5,761719	4,743902	6,225586	13160,000000	13621,247784	-4,020743
5,786133	7,743902	6,250000	13155,000000	13567,695360	-3,598191
5,810547	9,743902	6,274414	13308,000000	13512,803519	-1,775338
5,834961	7,743902	6,298828	13245,000000	13457,875994	-1,849697
5,859375	2,743902	6,323242	13041,000000	13403,691894	-3,176014
5,883789	4,743902	6,347656	12790,000000	13351,286799	-4,963060
5,908203	7,743902	6,372070	13006,000000	13297,537606	-2,556364
5,932617	0,743902	6,396484	12903,000000	13244,786682	-3,008914
5,957031	-1,256098	6,420898	13060,000000	13191,212378	-1,148162
5,981445	4,743902	6,445312	12911,000000	13138,375976	-2,001081
6,005859	-0,256098	6,469727	12848,000000	13085,755159	-2,097549
6,030273	5,743902	6,494141	12791,000000	13033,868353	-2,147428
6,054687	10,743902	6,518555	12775,000000	12981,673950	-1,828543
6,079102	4,743902	6,542969	12598,000000	12928,720391	-2,946525
6,103516	7,743902	6,567383	12614,000000	12875,982895	-2,332634
6,127930	3,743902	6,591797	12596,000000	12823,460579	-2,026702
6,152344	4,743902	6,616211	12517,000000	12771,152565	-2,271665
6,176758	6,743902	6,640625	12587,000000	12719,057980	-1,177073
6,201172	7,743902	6,665039	12380,000000	12667,175952	-2,580998
6,225586	3,743902	6,689453	12367,000000	12615,505613	-2,234622
6,250000	7,743902	6,713867	12469,000000	12564,046101	-0,851174
6,274414	1,743902	6,738281	12261,000000	12512,796555	-2,273981
6,298828	0,743902	6,762695	12419,000000	12461,756118	-0,383667
6,323242	2,743902	6,787109	12055,000000	12410,923937	-3,241706
6,347656	8,743902	6,811523	12167,000000	12360,299162	-1,752420
6,372070	2,743902	6,835937	12140,000000	12309,880947	-1,541826
6,396484	5,743902	6,860352	12114,000000	12259,668450	-1,323493
6,420898	1,743902	6,884766	12151,000000	12209,660830	-0,532160
6,445312	3,743902	6,909180	11962,000000	12159,857252	-1,809048
6,469727	3,743902	6,933594	12036,000000	12110,256884	-0,676855
6,494141	5,743902	6,958008	11967,000000	12060,858896	-0,857991
6,518555	3,743902	6,982422	11803,000000	12011,662462	-1,920650
7,006836	11740,000000	11962,666761	-2,055045
7,031250	11676,000000	11913,870972	-2,201377
7,055664	12124,000000	11865,274281	2,349723
7,080078	11907,000000	11816,875875	0,825924
7,104492	11647,000000	11768,674945	-1,127442
7,128906	11489,000000	11720,670685	-2,161374
7,153320	11921,000000	11672,862293	2,272670
7,177734	11464,000000	11625,248970	-1,506013
7,202148	11453,000000	11577,829919	-1,166431
7,226562	11424,000000	11530,604348	-0,997392
7,250977	11275,000000	11483,571468	-1,964249
7,275391	11257,000000	11436,730492	-1,693988
7,299805	11303,000000	11390,080637	-0,819077
7,324219	11168,000000	11343,621124	-1,661839
7,348633	11403,000000	11297,351176	0,989362
7,373047	11104,000000	11251,270019	-1,397573
7,397461	11174,000000	11205,376883	-0,296828
7,421875	11009,000000	11159,671001	-1,436004
7,446289	11017,000000	11114,151609	-0,925589
7,470703	11146,000000	11068,817946	0,731066
7,495117	11044,000000	11023,669254	0,193460
7,519531	10802,000000	10978,704779	-1,700185
7,543945	11014,000000	10933,923768	0,763012
7,568359	10882,000000	10889,325474	-0,070223
7,592773	10779,000000	10844,909150	-0,634829
7,617187	10709,000000	10800,674055	-0,885874
7,641602	10756,000000	10756,619448	-0,005973
7,666016	10819,000000	10712,744594	1,021545
7,690430	10883,000000	10669,048758	2,050881
7,714844	10610,000000	10625,531211	-0,150781
7,739258	10625,000000	10582,191225	0,415306
7,763672	10460,000000	10539,028075	-0,772708
7,788086	10423,000000	10496,041041	-0,715436
7,812500	10518,000000	10453,229403	0,631555
7,836914	10512,000000	10410,592445	0,989071
7,861328	10490,000000	10368,129456	1,189901
7,885742	10307,000000	10325,839725	-0,185570
7,910156	10235,000000	10283,722545	-0,481600
7,934570	10090,000000	10241,777212	-1,510988
7,958984	10037,000000	10200,003026	-1,627023
7,983398	10170,000000	10158,399287	0,115033
8,007812	10178,000000	10116,965300	0,604986
8,032227	10114,000000	10075,700373	0,380832
8,056641	9961,000000	10034,603816	-0,737478
8,081055	9905,000000	9993,674941	-0,890992
8,105469	9982,000000	9952,913066	0,291131
8,129883	9845,000000	9912,317507	-0,678454
8,154297	9712,000000	9871,887587	-1,622409
8,178711	9929,000000	9831,622630	0,977249
8,203125	9830,000000	9791,521963	0,388093
8,227539	9676,000000	9751,584915	-0,768400
8,251953	9701,000000	9711,810819	-0,109762
8,276367	9699,000000	9672,199010	0,272137
8,300781	9453,000000	9632,748826	-1,848763
8,325195	9510,000000	9593,459607	-0,855827
8,349609	9680,000000	9554,330696	1,277296
8,374023	9425,000000	9515,361440	-0,930770
8,398437	9569,000000	9476,551187	0,945079
8,422852	9426,000000	9437,899288	-0,122562
8,447266	9421,000000	9399,405097	0,222486
8,471680	9333,000000	9361,067971	-0,290536
8,496094	9403,000000	9322,887269	0,826168
8,520508	9229,000000	9284,862352	-0,581490
8,544922	9366,000000	9246,992585	1,229694
8,569336	9253,000000	9209,277335	0,454533
8,593750	9130,000000	9171,715971	-0,436583
8,618164	9147,000000	9134,307866	0,132707
8,642578	9153,000000	9097,052394	0,584790
8,666992	9039,000000	9059,948932	-0,220344
8,691406	9081,000000	9022,996861	0,608674
8,715820	9131,000000	8986,195562	1,515384
8,740234	8991,000000	8949,544420	0,437199
8,764648	8935,000000	8913,042823	0,232289
8,789062	8862,000000	8876,690160	-0,156049
8,813477	9068,000000	8840,485824	2,389201
8,837891	8833,000000	8804,429209	0,303996
8,862305	8892,000000	8768,519713	1,309477
8,886719	8895,000000	8732,756736	1,720258
8,911133	8752,000000	8697,139680	0,586414
8,935547	8690,000000	8661,667948	0,303926
8,959961	8710,000000	8626,340949	0,896404
8,984375	8656,000000	8591,158092	0,696943
9,008789	8757,000000	8556,118789	2,146652
9,033203	8356,000000	8521,222453	-1,807465
9,057617	8661,000000	8486,468502	1,875382
9,082031	8563,000000	8451,856355	1,201079
9,106445	8363,000000	8417,385433	-0,594705
9,130859	8462,000000	8383,055160	0,858197
9,155273	8430,000000	8348,864961	0,883679
9,179687	8234,000000	8314,814266	-0,890600
9,204102	8519,000000	8280,902505	2,579648
9,228516	8330,000000	8247,129112	0,907987
9,252930	8429,000000	8213,493521	2,347320
9,277344	8284,000000	8179,995171	1,142703
9,301758	8131,000000	8146,633501	-0,173374
9,326172	8037,000000	8113,407954	-0,852298
9,350586	8289,000000	8080,317974	2,292102
9,375000	8074,000000	8047,363009	0,296443
9,399414	8228,000000	8014,542507	2,353229
9,423828	8027,000000	7981,855920	0,503877
9,448242	8058,000000	7949,302702	1,210891
9,472656	8052,000000	7916,882307	1,505776
9,497070	7983,000000	7884,594195	1,101381
9,521484	7890,000000	7852,437825	0,422875
9,545898	7902,000000	7820,412660	0,917813
9,570312	7630,000000	7788,518165	-1,814750
9,594727	8102,000000	7756,753806	3,835595
9,619141	7750,000000	7725,119052	0,282629
9,643555	7807,000000	7693,613376	1,283275
9,667969	7799,000000	7662,236249	1,548644
9,692383	7742,000000	7630,987148	1,261673
9,716797	7617,000000	7599,865549	0,196326
9,741211	7777,000000	7568,870934	2,360080
9,765625	7462,000000	7538,002783	-0,879836
9,790039	7470,000000	7507,260582	-0,431111
9,814453	7506,000000	7476,643814	0,338841
9,838867	7361,000000	7446,151970	-0,992490
9,863281	7461,000000	7415,784540	0,523466
9,887695	7458,000000	7385,541015	0,839037
9,912109	7533,000000	7355,420890	2,046011
9,936523	7426,000000	7325,423662	1,167128
9,960937	7271,000000	7295,548829	-0,287895
9,985352	7284,000000	7265,795891	0,213297
10,009766	7305,000000	7236,164353	0,805385
10,034180	7184,000000	7206,653717	-0,267274
10,058594	7197,000000	7177,263491	0,232645
10,083008	7156,000000	7147,993183	0,094651
10,107422	7121,000000	7118,842305	0,025569
10,131836	7073,000000	7089,810369	-0,199883
10,156250	7183,000000	7060,896889	1,440701
10,180664	7096,000000	7032,101382	0,758551
10,205078	7012,000000	7003,423367	0,102423
10,229492	6922,000000	6974,862365	-0,635376
10,253906	7105,000000	6946,417898	1,881361
10,278320	6801,000000	6918,089491	-1,419814
10,302734	6995,000000	6889,876669	1,256913
10,327148	6872,000000	6861,778962	0,123297
10,351562	6918,000000	6833,795900	1,012379
10,375977	6912,000000	6805,927014	1,275860
10,400391	6731,000000	6778,171840	-0,574967
10,424805	6906,000000	6750,529913	1,870827
10,449219	6763,000000	6723,000771	0,486387
10,473633	6639,000000	6695,583953	-0,694452
10,498047	6716,000000	6668,279003	0,582310
10,522461	6616,000000	6641,085462	-0,308407
10,546875	6742,000000	6614,002877	1,558855
10,571289	6602,000000	6587,030795	0,184230
10,595703	6637,000000	6560,168764	0,943087
10,620117	6720,000000	6533,416337	2,276088
10,644531	6641,000000	6506,773065	1,647111
10,668945	6488,000000	6480,238503	0,096359
10,693359	6501,000000	6453,812209	0,585247
10,717773	6393,000000	6427,493739	-0,431408
10,742187	6454,000000	6401,282654	0,656204
10,766602	6169,000000	6375,178517	-2,625041
10,791016	6337,000000	6349,180889	-0,153016
10,815430	6289,000000	6323,289338	-0,432383
10,839844	6204,000000	6297,503430	-1,187112
10,864258	6182,000000	6271,822734	-1,142409
10,888672	6286,000000	6246,246821	0,501400
10,913086	6267,000000	6220,775263	0,583908
10,937500	6219,000000	6195,407634	0,299165
10,961914	5977,000000	6170,143511	-2,498265
10,986328	5972,000000	6144,982471	-2,238423
11,010742	6006,000000	6119,924093	-1,470019
11,035156	6119,000000	6094,967959	0,307221
11,059570	5952,000000	6070,113652	-1,530977
11,083984	5992,000000	6045,360755	-0,689344
11,108398	5969,000000	6020,708856	-0,669290
11,132812	6004,000000	5996,157542	0,101212
11,157227	5853,000000	5971,706402	-1,551618
11,181641	5879,000000	5947,355028	-0,891495
11,206055	5913,000000	5923,103014	-0,131385
11,230469	5726,000000	5898,949952	-2,285571
11,254883	5603,000000	5874,895441	-3,632383
11,279297	5774,000000	5850,939077	-1,012532
11,303711	5728,000000	5827,080460	-1,309141
11,328125	5627,000000	5803,319191	-2,350505
11,352539	5723,000000	5779,654874	-0,748903
11,376953	5740,000000	5756,087112	-0,212335
11,401367	5593,000000	5732,615512	-1,866858
11,425781	5606,000000	5709,239680	-1,378860
11,450195	5613,000000	5685,959228	-0,973829
11,474609	5510,000000	5662,773764	-2,058131
11,499023	5515,000000	5639,682903	-1,678936
11,523437	5638,000000	5616,686257	0,283855
11,547852	5472,000000	5593,783442	-1,646324
11,572266	5420,000000	5570,974076	-2,050703
11,596680	5412,000000	5548,257777	-1,852177
11,621094	5503,000000	5525,634165	-0,305116
11,645508	5450,000000	5503,102863	-0,719316
11,669922	5391,000000	5480,663493	-1,221184
11,694336	5348,000000	5458,315681	-1,508487
11,718750	5415,000000	5436,059052	-0,286180
11,743164	5258,000000	5413,893236	-2,149894
11,767578	5204,000000	5391,817860	-2,603564
11,791992	5324,000000	5369,832557	-0,628138
11,816406	5181,000000	5347,936959	-2,319240
11,840820	5236,000000	5326,130700	-1,245584
11,865234	5192,000000	5304,413415	-1,560094
11,889648	5156,000000	5282,784741	-1,765674
11,914062	5282,000000	5261,244317	0,285587
11,938477	5061,000000	5239,791782	-2,513214
11,962891	5025,000000	5218,426778	-2,728655
11,987305	4988,000000	5197,148949	-2,961369
12,011719	4987,000000	5175,957937	-2,675750
12,036133	5097,000000	5154,853389	-0,810348
12,060547	5221,000000	5133,834953	1,206328
12,084961	5015,000000	5112,902276	-1,382475
12,109375	5111,000000	5092,055009	0,264997
12,133789	4973,000000	5071,292803	-1,393839
12,158203	4954,000000	5050,615312	-1,372676
12,182617	5021,000000	5030,022189	-0,127326
12,207031	4943,000000	5009,513091	-0,946045
12,231445	4896,000000	4989,087674	-1,330367
12,255859	4903,000000	4968,745597	-0,938935
12,280273	4939,000000	4948,486521	-0,134986
12,304687	4806,000000	4928,310106	-1,764292
12,329102	4947,000000	4908,216015	0,551419
12,353516	4691,000000	4888,203912	-2,879273
12,377930	4878,000000	4868,273463	0,139264
12,402344	4792,000000	4848,424334	-0,815095
12,426758	4678,000000	4828,656195	-2,202708
12,451172	4800,000000	4808,968713	-0,129452
12,475586	4706,000000	4789,361561	-1,215178
12,500000	4694,000000	4769,834410	-1,106865
12,524414	4692,000000	4750,386934	-0,852387
12,548828	4660,000000	4731,018808	-1,040352
12,573242	4692,000000	4711,729708	-0,288033
12,597656	4683,000000	4692,519312	-0,139105
12,622070	4824,000000	4673,387299	2,168493
12,646484	4589,000000	4654,333348	-0,964441
12,670898	4712,000000	4635,357141	1,116527
12,695312	4606,000000	4616,458362	-0,154100
12,719727	4560,000000	4597,636694	-0,557351
12,744141	4631,000000	4578,891822	0,765717
12,768555	4463,000000	4560,223433	-1,455317
12,792969	4479,000000	4541,631215	-0,935837
12,817383	4526,000000	4523,114858	0,042885
12,841797	4418,000000	4504,674051	-1,303996
12,866211	4454,000000	4486,308487	-0,484107
12,890625	4441,000000	4468,017858	-0,405425
12,915039	4409,000000	4449,801859	-0,614483
12,939453	4458,000000	4431,660185	0,394496
12,963867	4423,000000	4413,592533	0,141454
12,988281	4406,000000	4395,598602	0,156700
13,012695	4374,000000	4377,678089	-0,055614
13,037109	4386,000000	4359,830696	0,395146
13,061523	4465,000000	4342,056124	1,839908
13,085937	4248,000000	4324,354076	-1,171494
13,110352	4266,000000	4306,724256	-0,623509
13,134766	4370,000000	4289,166370	1,222789
13,159180	4332,000000	4271,680124	0,916466
13,183594	4178,000000	4254,265225	-1,179892
13,208008	4306,000000	4236,921383	1,052705
13,232422	4163,000000	4219,648308	-0,877978
13,256836	4240,000000	4202,445710	0,576735
13,281250	4174,000000	4185,313303	-0,175111
13,305664	4221,000000	4168,250800	0,811911
13,330078	4168,000000	4151,257915	0,259326
13,354492	4138,000000	4134,334365	0,056984
13,378906	4056,000000	4117,479867	-0,965348
13,403320	4043,000000	4100,694139	-0,907360
13,427734	4031,000000	4083,976900	-0,834411
13,452148	4079,000000	4067,327871	0,182757
13,476562	4062,000000	4050,746774	0,176566
13,500977	3977,000000	4034,233332	-0,907551
13,525391	4077,000000	4017,787267	0,927352
13,549805	4034,000000	4001,408307	0,513144
13,574219	3962,000000	3985,096175	-0,366930
13,598633	4010,000000	3968,850601	0,649817
13,623047	3897,000000	3952,671313	-0,891798
13,647461	3948,000000	3936,558039	0,182101
13,671875	4011,000000	3920,510511	1,428801
13,696289	3871,000000	3904,528461	-0,538892
13,720703	3993,000000	3888,611620	1,651971
13,745117	3940,000000	3872,759724	1,071227
13,769531	3799,000000	3856,972507	-0,940562
13,793945	3931,000000	3841,249706	1,431477
13,818359	3847,000000	3825,591056	0,345171
13,842773	3821,000000	3809,996298	0,178012
13,867187	3707,000000	3794,465169	-1,436560
13,891602	3807,000000	3778,997411	0,453844
13,916016	3902,000000	3763,592764	2,215721
13,940430	3709,000000	3748,250972	-0,644499
13,964844	3678,000000	3732,971778	-0,906429
13,989258	3783,000000	3717,754926	1,060790
14,013672	3805,000000	3702,600162	1,660053
14,038086	3693,000000	3687,507233	0,090386
14,062500	3652,000000	3672,475886	-0,338826
14,086914	3615,000000	3657,505870	-0,706960
14,111328	3569,000000	3642,596936	-1,231931
14,135742	3622,000000	3627,748833	-0,095522
14,160156	3692,000000	3612,961313	1,300795
14,184570	3601,000000	3598,234130	0,046091
14,208984	3637,000000	3583,567037	0,886008
14,233398	3600,000000	3568,959788	0,517337
14,257812	3547,000000	3554,412141	-0,124455
14,282227	3679,000000	3539,923851	2,292914
14,306641	3442,000000	3525,494676	-1,423159
14,331055	3578,000000	3511,124376	1,118015
14,355469	3545,000000	3496,812709	0,809328
14,379883	3569,000000	3482,559437	1,446919
14,404297	3518,000000	3468,364322	0,836847
14,428711	3560,000000	3454,227126	1,772757
14,453125	3464,000000	3440,147612	0,405269
14,477539	3508,000000	3426,125546	1,382352
14,501953	3414,000000	3412,160693	0,031479
14,526367	3464,000000	3398,252820	1,117090
14,550781	3473,000000	3384,401694	1,503395
14,575195	3443,000000	3370,607083	1,233751
14,599609	3395,000000	3356,868758	0,654427
14,624023	3384,000000	3343,186488	0,701599
14,648437	3378,000000	3329,560044	0,833439
14,672852	3271,000000	3315,989199	-0,786625
14,697266	3392,000000	3302,473727	1,537172
14,721680	3351,000000	3289,013400	1,070806
14,746094	3222,000000	3275,607994	-0,944424
14,770508	3324,000000	3262,257285	1,070916
14,794922	3355,000000	3248,961050	1,830708
14,819336	3299,000000	3235,719067	1,101747
14,843750	3309,000000	3222,531114	1,503182
14,868164	3213,000000	3209,396970	0,063564
14,892578	3274,000000	3196,316417	1,357657
14,916992	3245,000000	3183,289235	1,083312
14,941406	3310,000000	3170,315207	2,427924
14,965820	3120,000000	3157,394115	-0,669462
14,990234	3167,000000	3144,525745	0,399357
15,014648	3144,000000	3131,709880	0,219187
15,039062	3145,000000	3118,946307	0,464578
15,063477	3114,000000	3106,234812	0,139153
15,087891	3170,000000	3093,575182	1,357390
15,112305	3122,000000	3080,967207	0,734370
15,136719	3161,000000	3068,410675	1,646830
15,161133	3100,000000	3055,905376	0,791963
15,185547	3091,000000	3043,451101	0,855246
15,209961	3187,000000	3031,047643	2,762491
15,234375	3055,000000	3018,694793	0,656846
15,258789	3123,000000	3006,392346	2,086609
15,283203	3045,000000	2994,140095	0,921684
15,307617	2984,000000	2981,937837	0,037751
15,332031	3064,000000	2969,785366	1,702057
15,356445	2942,000000	2957,682480	-0,289130
15,380859	2932,000000	2945,628976	-0,251699
15,405273	3012,000000	2933,624653	1,428078
15,429687	3063,000000	2921,669310	2,553659
15,454102	2870,000000	2909,762748	-0,742225
15,478516	2939,000000	2897,904767	0,758039
15,502930	2885,000000	2886,095169	-0,020390
15,527344	3036,000000	2874,333757	2,934056
15,551758	2941,000000	2862,620334	1,445293
15,576172	2896,000000	2850,954704	0,837048
15,600586	2851,000000	2839,336673	0,218436
15,625000	2910,000000	2827,766046	1,524420
15,649414	2806,000000	2816,242629	-0,193360
15,673828	2927,000000	2804,766230	2,259331
15,698242	2889,000000	2793,336658	1,779802
15,722656	2893,000000	2781,953721	2,064571
15,747070	2920,000000	2770,617228	2,764452
15,771484	2762,000000	2759,326991	0,050861
15,795898	2726,000000	2748,082820	-0,422953
15,820312	2758,000000	2736,884529	0,402072
15,844727	2813,000000	2725,731928	1,645396
15,869141	2891,000000	2714,624833	3,280299
15,893555	2771,000000	2703,563057	1,281090
15,917969	2818,000000	2692,546415	2,363266
15,942383	2704,000000	2681,574724	0,431255
15,966797	2731,000000	2670,647800	1,154868
15,991211	2718,000000	2659,765459	1,117007
16,015625	2738,000000	2648,927521	1,702264
16,040039	2673,000000	2638,133805	0,674381
16,064453	2771,000000	2627,384129	2,728250
16,088867	2580,000000	2616,678314	-0,722104
16,113281	2651,000000	2606,016181	0,873678
16,137695	2656,000000	2595,397551	1,175916
16,162109	2636,000000	2584,822248	0,996801
16,186523	2585,000000	2574,290095	0,210647
16,210937	2643,000000	2563,800915	1,540535
16,235352	2690,000000	2553,354533	2,634627
16,259766	2599,000000	2542,950775	1,099427
16,284180	2595,000000	2532,589466	1,225150
16,308594	2616,000000	2522,270434	1,832558
16,333008	2565,000000	2511,993506	1,046611
16,357422	2535,000000	2501,758509	0,660224
16,381836	2579,000000	2491,565274	1,721703
16,406250	2583,000000	2481,413629	1,998818
16,430664	2558,000000	2471,303405	1,714162
16,455078	2445,000000	2461,234433	-0,328320
16,479492	2493,000000	2451,206545	0,837042
16,503906	2515,000000	2441,219573	1,471202
16,528320	2472,000000	2431,273349	0,819133
16,552734	2541,000000	2421,367708	2,373264
16,577148	2493,000000	2411,502485	1,632237
16,601562	2417,000000	2401,677514	0,311667
16,625977	2407,000000	2391,892631	0,307929
16,650391	2447,000000	2382,147672	1,311018
16,674805	2455,000000	2372,442474	1,666215
16,699219	2470,000000	2362,776877	2,157446
16,723633	2416,000000	2353,150716	1,278651
16,748047	2402,000000	2343,563833	1,192327
16,772461	2352,000000	2334,016066	0,370822
16,796875	2445,000000	2324,507256	2,436809
16,821289	2448,000000	2315,037244	2,687350
16,845703	2311,000000	2305,605872	0,112207
16,870117	2412,000000	2296,212982	2,357606
16,894531	2424,000000	2286,858417	2,785498
16,918945	2302,000000	2277,542020	0,509763
16,943359	2382,000000	2268,263637	2,330389
16,967773	2316,000000	2259,023111	1,183939
16,992187	2345,000000	2249,820289	1,965500
17,016602	2295,000000	2240,655016	1,134405
17,041016	2289,000000	2231,527139	1,201268
17,065430	2380,000000	2222,436506	3,229737
17,089844	2300,000000	2213,382965	1,806090
17,114258	2234,000000	2204,366364	0,626965
17,138672	2190,000000	2195,386553	-0,115104
17,163086	2272,000000	2186,443382	1,794938
17,187500	2217,000000	2177,536701	0,838128
17,211914	2176,000000	2168,666360	0,157214
17,236328	2265,000000	2159,832213	2,209778
17,260742	2342,000000	2151,034111	3,946048
17,285156	2175,000000	2142,271907	0,701764
17,309570	2289,000000	2133,545455	3,249231
17,333984	2204,000000	2124,854608	1,685854
17,358398	2198,000000	2116,199223	1,744792
17,382812	2144,000000	2107,579153	0,786571
17,407227	2209,000000	2098,994254	2,340548
17,431641	2166,000000	2090,444384	1,623445
17,456055	2153,000000	2081,929400	1,531680
17,480469	2097,000000	2073,449158	0,514289
17,504883	2016,000000	2065,003517	-1,091395
17,529297	2146,000000	2056,592337	1,930011
17,553711	2134,000000	2048,215476	1,856999
17,578125	2098,000000	2039,872794	1,269044
17,602539	2163,000000	2031,564152	2,826087
17,626953	2096,000000	2023,289412	1,588188
17,651367	2029,000000	2015,048434	0,309729
17,675781	2063,000000	2006,841081	1,236429
17,700195	2092,000000	1998,667216	2,040579
17,724609	2066,000000	1990,526702	1,660459
17,749023	1986,000000	1982,419403	0,080346
17,773437	2065,000000	1974,345184	1,994945
17,797852	1939,000000	1966,303909	-0,620063
17,822266	2046,000000	1958,295444	1,938962
17,846680	2001,000000	1950,319656	1,132964
17,871094	1958,000000	1942,376410	0,353081
17,895508	2008,000000	1934,465575	1,641001
17,919922	2046,000000	1926,587017	2,639968
17,944336	2056,000000	1918,740606	3,027126
17,968750	1935,000000	1910,926210	0,547273
17,993164	1962,000000	1903,143698	1,328751
18,017578	1920,000000	1895,392941	0,561577
18,041992	1891,000000	1887,673808	0,076489
18,066406	1893,000000	1879,986171	0,299109
18,090820	1914,000000	1872,329902	0,952475
18,115234	1889,000000	1864,704871	0,558989
18,139648	1858,000000	1857,110953	0,020625
18,164062	1859,000000	1849,548019	0,219222
18,188477	1899,000000	1842,015943	1,307648
18,212891	1893,000000	1834,514601	1,344226
18,237305	1785,000000	1827,043865	-0,995138
18,261719	1816,000000	1819,603611	-0,084563
18,286133	1855,000000	1812,193715	0,993884
18,310547	1841,000000	1804,814054	0,843360
18,334961	1930,000000	1797,464503	3,016849
18,359375	1891,000000	1790,144939	2,319273
18,383789	1782,000000	1782,855241	-0,020260
18,408203	1842,000000	1775,595287	1,547227
18,432617	1838,000000	1768,364954	1,624258
18,457031	1752,000000	1761,164123	-0,218939
18,481445	1749,000000	1753,992674	-0,119382
18,505859	1742,000000	1746,850485	-0,116215
18,530273	1825,000000	1739,737437	1,995846
18,554687	1704,000000	1732,653413	-0,694131
18,579102	1762,000000	1725,598293	0,867199
18,603516	1728,000000	1718,571959	0,226803
18,627930	1659,000000	1711,574294	-1,290774
18,652344	1711,000000	1704,605182	0,154598
18,676758	1689,000000	1697,664504	-0,210828
18,701172	1763,000000	1690,752146	1,720675
18,725586	1673,000000	1683,867993	-0,265706
18,750000	1731,000000	1677,011928	1,297625
18,774414	1654,000000	1670,183837	-0,397936
18,798828	1687,000000	1663,383606	0,574984
18,823242	1625,000000	1656,611122	-0,784175
18,847656	1681,000000	1649,866271	0,759359
18,872070	1597,000000	1643,148940	-1,154807
18,896484	1679,000000	1636,459017	1,038203
18,920898	1575,000000	1629,796391	-1,380739
18,945312	1680,000000	1623,160950	1,386731
18,969727	1532,000000	1616,552583	-2,160218
18,994141	1625,000000	1609,971179	0,372819
19,018555	1601,000000	1603,416629	-0,060397
19,042969	1683,000000	1596,888823	2,099024
19,067383	1582,000000	1590,387652	-0,210881
19,091797	1565,000000	1583,913007	-0,478083
19,116211	1583,000000	1577,464780	0,139122
19,140625	1595,000000	1571,042863	0,599866
19,165039	1604,000000	1564,647149	0,982594
19,189453	1609,000000	1558,277531	1,264510
19,213867	1632,000000	1551,933902	1,981931
19,238281	1577,000000	1545,616156	0,790297
19,262695	1565,000000	1539,324189	0,649033
19,287109	1527,000000	1533,057894	-0,155025
19,311523	1609,000000	1526,817167	2,048817
19,335937	1500,000000	1520,601903	-0,531939
19,360352	1533,000000	1514,411999	0,474746
19,384766	1560,000000	1508,247351	1,310299
19,409180	1495,000000	1502,107856	-0,183831
19,433594	1573,000000	1495,993412	1,941617
19,458008	1505,000000	1489,903916	0,389131
19,482422	1496,000000	1483,839266	0,314408
19,506836	1556,000000	1477,799361	1,982465
19,531250	1450,000000	1471,784101	-0,572079
19,555664	1580,000000	1465,793384	2,873179
19,580078	1458,000000	1459,827111	-0,047850
19,604492	1446,000000	1453,885181	-0,207361
19,628906	1459,000000	1447,967495	0,288833
19,653320	1521,000000	1442,073956	2,023745
19,677734	1477,000000	1436,204462	1,061506
19,702148	1491,000000	1430,358918	1,570464
19,726562	1417,000000	1424,537225	-0,200229
19,750977	1422,000000	1418,739286	0,086470
19,775391	1465,000000	1412,965003	1,359492
19,799805	1457,000000	1407,214281	1,304293
19,824219	1478,000000	1401,487023	1,990205
19,848633	1433,000000	1395,783133	0,983143
19,873047	1414,000000	1390,102517	0,635517
19,897461	1416,000000	1384,445078	0,838563
19,921875	1403,000000	1378,810724	0,645794
19,946289	1452,000000	1373,199358	2,067981
19,970703	1412,000000	1367,610889	1,181297
19,995117	1418,000000	1362,045221	1,485932
20,019531	1361,000000	1356,502262	0,121917
20,043945	1431,000000	1350,981920	2,115282
20,068359	1367,000000	1345,484103	0,581936
20,092773	1390,000000	1340,008717	1,340871
20,117187	1406,000000	1334,555672	1,905351
20,141602	1313,000000	1329,124877	-0,445004
20,166016	1392,000000	1323,716241	1,830197
20,190430	1334,000000	1318,329673	0,429042
20,214844	1396,000000	1312,965083	2,222379
20,239258	1411,000000	1307,622382	2,752092
20,263672	1381,000000	1302,301481	2,117726
20,288086	1386,000000	1297,002290	2,390547
20,312500	1274,000000	1291,724720	-0,496586
20,336914	1290,000000	1286,468685	0,098320
20,361328	1280,000000	1281,234095	-0,034494
20,385742	1351,000000	1276,020863	2,039918
20,410156	1310,000000	1270,828903	1,082256
20,434570	1338,000000	1265,658127	1,977706
20,458984	1372,000000	1260,508448	3,009989
20,483398	1326,000000	1255,379782	1,939355
20,507812	1262,000000	1250,272041	0,330136
20,532227	1344,000000	1245,185142	2,695396
20,556641	1297,000000	1240,118998	1,579419
20,581055	1234,000000	1235,073524	-0,030560
20,605469	1295,000000	1230,048638	1,804901
20,629883	1293,000000	1225,044254	1,889848
20,654297	1323,000000	1220,060289	2,830108
20,678711	1257,000000	1215,096660	1,181901
20,703125	1273,000000	1210,153283	1,761442
20,727539	1279,000000	1205,230077	2,062738
20,751953	1253,000000	1200,326958	1,488034
20,776367	1266,000000	1195,443845	1,982979
20,800781	1260,000000	1190,583258	1,955595
20,825195	1205,000000	1185,722182	0,555347
20,849609	1193,000000	1180,870779	0,351166
20,874023	1247,000000	1176,049332	2,009200
20,898437	1171,000000	1171,247558	-0,007234
20,922852	1224,000000	1166,495858	1,643647
20,947266	1232,000000	1161,753385	2,001336
20,971680	1186,000000	1157,020102	0,841501
20,996094	1196,000000	1152,326454	1,262853
21,020508	1236,000000	1147,631634	2,513550
21,044922	1221,000000	1142,986454	2,232607
21,069336	1168,000000	1138,350065	0,867566
21,093750	1246,000000	1133,702112	3,181358
21,118164	1183,000000	1129,062962	1,568176
21,142578	1212,000000	1124,463063	2,514433
21,166992	1254,000000	1119,892093	3,787090
21,191406	1211,000000	1115,319452	2,749486
21,215820	1205,000000	1110,785791	2,714081
21,240234	1166,000000	1106,280788	1,748899
